N_unmapped	9087	9087	9087
N_multimapping	163	163	163
N_noFeature	238	509	523
N_ambiguous	51	9	9
ENSG00000256263.1	0	0	0
ENSG00000226210.3	2	1	1
ENSG00000249054.2	0	0	0
ENSG00000120645.11	0	0	0
ENSG00000256948.1	0	0	0
ENSG00000249695.6	0	0	0
ENSG00000256694.1	0	0	0
ENSG00000256540.1	0	0	0
ENSG00000111181.12	0	0	0
ENSG00000255671.1	0	0	0
ENSG00000256577.2	0	0	0
ENSG00000010379.15	0	0	0
ENSG00000255746.1	0	0	0
ENSG00000261799.1	0	0	0
ENSG00000073614.12	1	0	1
ENSG00000120647.9	0	0	0
ENSG00000139044.10	1	1	0
ENSG00000171840.11	0	0	0
ENSG00000256020.1	0	0	0
ENSG00000238370.1	0	0	0
ENSG00000255825.1	0	0	0
ENSG00000177406.4	0	0	0
ENSG00000256672.1	0	0	0
ENSG00000060237.16	0	0	0
ENSG00000221439.1	0	0	0
ENSG00000002016.17	0	0	0
ENSG00000250132.6	0	0	0
ENSG00000082805.19	0	0	0
ENSG00000275811.1	0	0	0
ENSG00000249028.2	0	0	0
ENSG00000267285.1	0	0	0
ENSG00000249628.2	0	0	0
ENSG00000111186.12	0	0	0
ENSG00000171823.6	0	0	0
ENSG00000266043.1	0	0	0
ENSG00000006831.9	0	0	0
ENSG00000271500.1	0	0	0
ENSG00000243663.1	1	1	0
ENSG00000151062.14	0	0	0
ENSG00000166159.10	0	0	0
ENSG00000256706.1	0	0	0
ENSG00000235049.1	0	0	0
ENSG00000151065.13	0	0	0
ENSG00000151067.21	1	1	0
ENSG00000203593.3	0	0	0
ENSG00000256837.1	0	0	0
ENSG00000256257.1	0	0	0
ENSG00000278255.1	0	0	0
ENSG00000256025.1	0	0	0
ENSG00000256721.1	0	0	0
ENSG00000256769.1	0	0	0
ENSG00000203648.3	0	0	0
ENSG00000256271.1	0	0	0
ENSG00000246627.6	0	0	0
ENSG00000256150.2	0	0	0
ENSG00000283587.1	0	0	0
ENSG00000274659.1	0	0	0
ENSG00000256902.1	0	0	0
ENSG00000255669.2	0	0	0
ENSG00000224438.3	2	2	0
ENSG00000256030.1	0	0	0
ENSG00000004478.7	0	0	0
ENSG00000258325.2	0	0	0
ENSG00000258092.1	0	0	0
ENSG00000111203.11	0	0	0
ENSG00000053702.14	0	0	0
ENSG00000283297.1	0	0	0
ENSG00000111206.12	0	0	0
ENSG00000171792.10	0	0	0
ENSG00000078246.16	1	1	0
ENSG00000278356.1	0	0	0
ENSG00000252996.1	0	0	0
ENSG00000197905.8	0	0	0
ENSG00000250899.3	0	0	0
ENSG00000234589.4	0	0	0
ENSG00000011105.12	0	0	0
ENSG00000278469.1	0	0	0
ENSG00000256197.1	0	0	0
ENSG00000275850.1	0	0	0
ENSG00000227081.5	4	2	2
ENSG00000250770.3	0	0	0
ENSG00000236908.2	0	0	0
ENSG00000257048.1	0	0	0
ENSG00000111218.11	0	0	0
ENSG00000256691.1	0	0	0
ENSG00000243507.1	0	0	0
ENSG00000130038.9	0	0	0
ENSG00000280202.1	0	0	0
ENSG00000222338.1	0	0	0
ENSG00000283138.1	0	0	0
ENSG00000111224.13	0	0	0
ENSG00000118976.5	1	1	0
ENSG00000256862.1	0	0	0
ENSG00000256969.1	0	0	0
ENSG00000256356.1	8	5	3
ENSG00000242444.3	0	0	0
ENSG00000256164.1	0	0	0
ENSG00000255920.1	0	0	0
ENSG00000118971.7	0	0	0
ENSG00000078237.6	0	0	0
ENSG00000213970.3	1	0	1
ENSG00000118972.1	0	0	0
ENSG00000111241.2	0	0	0
ENSG00000047621.11	0	0	0
ENSG00000111247.14	0	0	0
ENSG00000010219.13	0	0	0
ENSG00000256748.1	0	0	0
ENSG00000272921.1	0	0	0
ENSG00000111254.7	0	0	0
ENSG00000256799.1	2	1	1
ENSG00000256381.1	0	0	0
ENSG00000139180.10	1	0	1
ENSG00000255639.2	0	0	0
ENSG00000255474.1	0	0	0
ENSG00000130035.6	0	0	0
ENSG00000256988.1	0	0	0
ENSG00000151079.7	0	0	0
ENSG00000255608.1	0	0	0
ENSG00000256654.3	0	0	0
ENSG00000111262.5	0	0	0
ENSG00000284513.1	0	0	0
ENSG00000255996.1	0	0	0
ENSG00000130037.4	0	0	0
ENSG00000256115.5	0	0	0
ENSG00000256417.1	0	0	0
ENSG00000256146.1	0	0	0
ENSG00000256218.1	0	0	0
ENSG00000255983.1	0	0	0
ENSG00000185652.11	0	0	0
ENSG00000047617.14	0	0	0
ENSG00000255973.1	0	0	0
ENSG00000110799.13	0	0	0
ENSG00000240533.3	0	0	0
ENSG00000255775.1	0	0	0
ENSG00000010278.12	0	0	0
ENSG00000202318.1	0	0	0
ENSG00000256103.2	0	0	0
ENSG00000008323.15	0	0	0
ENSG00000067182.7	0	0	0
ENSG00000265388.2	0	0	0
ENSG00000111319.12	1	1	0
ENSG00000111321.10	1	0	1
ENSG00000256433.2	0	0	0
ENSG00000213942.3	1	1	0
ENSG00000224906.3	1	0	1
ENSG00000215039.6	0	0	0
ENSG00000139193.3	0	0	0
ENSG00000139192.11	1	1	0
ENSG00000139190.16	0	0	0
ENSG00000276718.1	0	0	0
ENSG00000256913.1	0	0	0
ENSG00000111639.7	0	0	0
ENSG00000010292.12	2	1	1
ENSG00000239002.3	0	0	0
ENSG00000276232.1	0	0	0
ENSG00000255966.1	0	0	0
ENSG00000111640.14	4	6	3
ENSG00000269968.1	0	1	4
ENSG00000010295.19	0	0	0
ENSG00000245667.2	0	0	0
ENSG00000111641.11	0	0	0
ENSG00000111642.14	1	0	1
ENSG00000247853.2	0	0	0
ENSG00000251898.1	0	0	0
ENSG00000184574.9	0	0	0
ENSG00000111644.7	0	0	0
ENSG00000111653.19	0	0	0
ENSG00000219410.5	0	0	0
ENSG00000126746.17	1	1	0
ENSG00000139200.13	0	0	0
ENSG00000252186.1	0	0	0
ENSG00000270068.1	0	0	0
ENSG00000111652.9	0	0	0
ENSG00000269892.1	0	0	0
ENSG00000089693.10	0	0	0
ENSG00000159335.15	1	0	1
ENSG00000089692.8	0	0	0
ENSG00000244532.1	0	0	0
ENSG00000010610.9	0	0	0
ENSG00000250510.7	0	0	0
ENSG00000110811.19	0	0	0
ENSG00000111664.10	0	0	0
ENSG00000111665.11	0	0	0
ENSG00000111667.13	0	0	0
ENSG00000111669.14	1	1	0
ENSG00000111671.9	0	0	0
ENSG00000240370.6	0	0	0
ENSG00000010626.14	0	0	0
ENSG00000248593.3	1	1	0
ENSG00000275703.1	0	0	0
ENSG00000111674.8	1	1	0
ENSG00000111676.14	0	0	0
ENSG00000111678.10	0	0	0
ENSG00000272173.1	0	0	0
ENSG00000238923.1	0	0	0
ENSG00000111679.16	0	0	0
ENSG00000257084.1	0	0	0
ENSG00000207713.3	0	0	0
ENSG00000207708.1	0	0	0
ENSG00000271969.1	0	0	0
ENSG00000215021.8	1	1	0
ENSG00000238795.1	0	0	0
ENSG00000126749.14	0	0	0
ENSG00000268439.5	0	0	0
ENSG00000111684.10	0	0	0
ENSG00000182326.14	3	1	2
ENSG00000239701.1	1	1	0
ENSG00000257078.1	0	0	0
ENSG00000159403.15	1	0	1
ENSG00000139178.10	1	1	0
ENSG00000205885.7	0	0	0
ENSG00000276144.1	0	0	0
ENSG00000200345.2	0	0	0
ENSG00000139194.7	0	0	0
ENSG00000256967.1	0	0	0
ENSG00000139182.13	0	0	0
ENSG00000255572.1	0	0	0
ENSG00000139197.10	0	0	0
ENSG00000256480.1	0	0	0
ENSG00000215009.5	0	0	0
ENSG00000177675.8	0	0	0
ENSG00000255836.1	0	0	0
ENSG00000177575.12	0	0	0
ENSG00000235868.3	0	0	0
ENSG00000256331.1	0	0	0
ENSG00000255977.1	1	0	1
ENSG00000284327.1	0	0	0
ENSG00000284591.1	0	0	0
ENSG00000284522.1	0	0	0
ENSG00000111701.6	0	0	0
ENSG00000184344.3	0	0	0
ENSG00000187569.2	0	0	0
ENSG00000198178.10	0	0	0
ENSG00000205857.2	0	0	0
ENSG00000201549.1	0	0	0
ENSG00000111704.10	0	0	0
ENSG00000199912.1	0	0	0
ENSG00000173262.11	0	0	0
ENSG00000201663.1	0	0	0
ENSG00000278459.1	0	0	0
ENSG00000241828.2	0	0	0
ENSG00000255885.1	0	0	0
ENSG00000176654.12	0	0	0
ENSG00000255356.2	0	0	0
ENSG00000059804.15	0	0	0
ENSG00000206636.1	0	0	0
ENSG00000240739.1	0	0	0
ENSG00000282080.1	0	0	0
ENSG00000255964.1	2	1	1
ENSG00000255581.1	0	0	0
ENSG00000065970.8	0	0	0
ENSG00000171860.4	0	0	0
ENSG00000089818.17	0	0	0
ENSG00000279865.1	4	2	2
ENSG00000111729.13	0	0	0
ENSG00000235602.5	0	0	0
ENSG00000284393.1	0	0	0
ENSG00000256171.1	0	0	0
ENSG00000196946.10	0	0	0
ENSG00000226711.6	0	1	0
ENSG00000244050.2	0	0	0
ENSG00000276417.1	0	0	0
ENSG00000275367.1	0	0	0
ENSG00000171847.10	0	0	1
ENSG00000254016.2	1	1	0
ENSG00000164845.16	0	0	0
ENSG00000215241.3	0	0	0
ENSG00000256589.2	0	0	0
ENSG00000226091.7	0	0	0
ENSG00000256552.2	0	0	0
ENSG00000256101.5	0	0	0
ENSG00000277952.1	1	0	1
ENSG00000242661.1	4	3	1
ENSG00000256136.1	1	0	1
ENSG00000238152.2	0	0	0
ENSG00000214487.3	0	0	0
ENSG00000177586.6	0	0	0
ENSG00000205846.3	0	0	0
ENSG00000243830.2	2	1	1
ENSG00000201780.1	0	0	0
ENSG00000166527.7	0	0	0
ENSG00000246115.3	1	0	1
ENSG00000166523.7	0	0	0
ENSG00000255801.1	0	0	0
ENSG00000238943.1	0	0	0
ENSG00000252727.1	0	0	0
ENSG00000111732.10	0	0	0
ENSG00000280345.1	0	0	0
ENSG00000255967.1	1	0	1
ENSG00000197614.10	0	0	0
ENSG00000255829.1	0	0	0
ENSG00000256004.1	0	0	0
ENSG00000166532.15	0	0	0
ENSG00000244131.2	0	0	0
ENSG00000256661.1	0	0	0
ENSG00000249790.2	0	0	0
ENSG00000256904.1	0	0	0
ENSG00000166535.19	0	0	0
ENSG00000282022.1	0	0	0
ENSG00000111752.10	0	0	0
ENSG00000003056.7	1	1	0
ENSG00000139187.9	0	0	0
ENSG00000257105.1	0	0	0
ENSG00000213049.3	0	0	0
ENSG00000255776.1	0	0	0
ENSG00000214851.4	0	0	0
ENSG00000245105.2	0	0	1
ENSG00000175899.14	3	1	3
ENSG00000256937.1	0	0	0
ENSG00000256720.1	0	0	0
ENSG00000126838.9	0	0	0
ENSG00000256817.1	8	3	5
ENSG00000256069.7	0	0	0
ENSG00000283429.1	2	1	1
ENSG00000231503.4	0	0	0
ENSG00000237248.4	0	0	0
ENSG00000256427.1	0	0	0
ENSG00000111788.10	0	0	0
ENSG00000212440.1	0	0	0
ENSG00000255753.1	0	0	0
ENSG00000260423.1	0	0	0
ENSG00000256673.1	0	0	0
ENSG00000278635.1	0	0	0
ENSG00000214826.5	0	0	0
ENSG00000212432.1	0	0	0
ENSG00000214776.10	0	0	0
ENSG00000256975.1	0	0	0
ENSG00000111796.3	0	0	0
ENSG00000256594.7	0	0	0
ENSG00000212345.1	0	0	0
ENSG00000233719.4	0	0	0
ENSG00000272917.1	0	0	0
ENSG00000256442.1	0	0	0
ENSG00000257027.1	0	0	0
ENSG00000069493.14	1	1	0
ENSG00000213443.2	0	0	0
ENSG00000256582.1	0	0	0
ENSG00000184293.7	0	0	0
ENSG00000110848.8	1	1	0
ENSG00000256912.1	0	0	0
ENSG00000150045.11	0	0	0
ENSG00000110852.4	0	0	0
ENSG00000255882.1	0	0	0
ENSG00000256797.1	0	0	0
ENSG00000188393.8	0	0	0
ENSG00000225231.1	0	0	0
ENSG00000231560.1	0	0	0
ENSG00000172322.13	0	0	0
ENSG00000165682.14	0	0	0
ENSG00000256660.5	0	0	0
ENSG00000256803.1	0	0	0
ENSG00000197992.6	0	0	0
ENSG00000256626.1	0	0	0
ENSG00000150048.10	0	0	0
ENSG00000223042.1	0	0	0
ENSG00000255734.1	0	0	0
ENSG00000172243.17	0	0	0
ENSG00000173391.8	0	0	0
ENSG00000165685.8	0	0	0
ENSG00000139112.10	0	0	0
ENSG00000255958.1	0	0	0
ENSG00000134539.16	0	0	0
ENSG00000256288.1	0	0	0
ENSG00000256155.1	0	0	0
ENSG00000245648.1	0	0	0
ENSG00000213809.8	0	0	0
ENSG00000255819.7	0	0	0
ENSG00000183542.5	0	0	0
ENSG00000205810.8	0	0	0
ENSG00000255641.1	0	0	0
ENSG00000205809.9	0	0	0
ENSG00000134545.13	0	0	0
ENSG00000180574.3	5	4	1
ENSG00000257016.1	0	0	0
ENSG00000256039.1	0	0	0
ENSG00000256667.6	0	0	0
ENSG00000111196.9	1	0	1
ENSG00000060140.8	0	0	0
ENSG00000060138.12	2	1	1
ENSG00000256888.5	0	0	0
ENSG00000235930.3	0	0	0
ENSG00000121377.2	0	0	0
ENSG00000121314.2	0	0	0
ENSG00000121381.4	0	0	0
ENSG00000231887.6	0	0	0
ENSG00000121318.2	0	0	0
ENSG00000256651.1	0	0	0
ENSG00000275778.1	0	0	0
ENSG00000111215.11	0	0	0
ENSG00000256682.2	0	0	0
ENSG00000212128.2	0	0	0
ENSG00000134551.12	0	0	0
ENSG00000212127.5	0	0	0
ENSG00000212125.2	0	0	0
ENSG00000212126.3	0	0	0
ENSG00000255837.1	0	0	0
ENSG00000212124.2	0	0	0
ENSG00000256436.1	0	0	0
ENSG00000256019.1	0	0	0
ENSG00000226761.3	0	0	0
ENSG00000256274.1	0	0	0
ENSG00000255374.3	0	0	0
ENSG00000256400.1	0	0	0
ENSG00000256188.3	0	0	0
ENSG00000256981.1	0	0	0
ENSG00000256712.1	0	0	0
ENSG00000256537.4	0	0	0
ENSG00000186136.1	0	0	0
ENSG00000256657.1	0	0	0
ENSG00000275119.1	0	0	0
ENSG00000197870.12	0	0	0
ENSG00000230657.6	0	0	0
ENSG00000251655.6	0	0	0
ENSG00000121335.11	0	0	0
ENSG00000255790.5	0	0	0
ENSG00000237303.2	0	0	0
ENSG00000278654.1	0	0	0
ENSG00000277705.1	0	0	0
ENSG00000270863.1	0	0	0
ENSG00000274551.1	0	0	0
ENSG00000256237.1	0	0	0
ENSG00000251747.1	0	0	0
ENSG00000247157.6	0	0	0
ENSG00000139083.10	0	0	0
ENSG00000121380.12	0	0	0
ENSG00000198134.3	1	1	0
ENSG00000283475.1	1	0	1
ENSG00000070018.8	0	0	0
ENSG00000242405.2	0	0	0
ENSG00000199551.1	0	0	0
ENSG00000270857.1	0	0	0
ENSG00000207010.1	0	0	0
ENSG00000111261.13	0	0	0
ENSG00000243141.2	0	0	0
ENSG00000205791.3	0	0	0
ENSG00000165714.10	0	0	0
ENSG00000271370.1	0	0	0
ENSG00000111266.8	0	0	0
ENSG00000255670.1	0	0	0
ENSG00000240424.2	0	0	0
ENSG00000111269.2	0	0	0
ENSG00000271215.1	0	0	0
ENSG00000275963.1	0	0	0
ENSG00000183150.7	0	0	0
ENSG00000257004.1	0	0	0
ENSG00000111276.10	0	0	0
ENSG00000275560.1	0	0	0
ENSG00000256658.1	0	0	0
ENSG00000178878.12	0	0	0
ENSG00000207983.1	0	0	0
ENSG00000270296.1	0	0	0
ENSG00000213782.7	0	0	0
ENSG00000242329.1	0	0	0
ENSG00000241352.3	7	4	3
ENSG00000234498.3	2	1	1
ENSG00000013588.7	7	4	3
ENSG00000283759.1	0	0	0
ENSG00000247498.9	0	0	0
ENSG00000111291.8	0	0	0
ENSG00000256011.1	0	0	0
ENSG00000221611.1	0	0	0
ENSG00000013583.8	0	0	0
ENSG00000183935.5	0	0	0
ENSG00000255621.1	0	0	0
ENSG00000243129.2	0	0	0
ENSG00000084444.13	0	0	0
ENSG00000111305.18	0	0	0
ENSG00000134531.9	1	0	1
ENSG00000180861.9	0	0	0
ENSG00000273079.5	0	0	0
ENSG00000201476.1	0	0	0
ENSG00000201909.1	0	0	0
ENSG00000256306.1	0	0	0
ENSG00000277935.1	0	0	0
ENSG00000200475.1	0	0	0
ENSG00000256346.1	0	0	0
ENSG00000227760.2	0	0	0
ENSG00000256084.1	0	0	0
ENSG00000255763.1	0	0	0
ENSG00000251908.1	0	0	0
ENSG00000255749.1	1	0	1
ENSG00000244573.3	0	0	0
ENSG00000171681.12	1	0	1
ENSG00000121316.10	0	0	0
ENSG00000255649.1	0	0	0
ENSG00000200830.1	0	0	0
ENSG00000256751.5	0	0	0
ENSG00000070019.4	0	0	0
ENSG00000214772.2	0	0	0
ENSG00000261324.2	1	0	1
ENSG00000197837.3	0	0	0
ENSG00000246705.4	0	0	0
ENSG00000084463.7	0	0	0
ENSG00000182993.3	0	3	4
ENSG00000179256.2	0	0	0
ENSG00000111339.10	0	0	0
ENSG00000256339.1	0	0	0
ENSG00000111341.9	3	6	4
ENSG00000139055.6	0	0	0
ENSG00000111348.8	3	1	2
ENSG00000139053.2	0	0	0
ENSG00000255727.1	0	0	0
ENSG00000134533.6	0	0	0
ENSG00000256650.1	0	0	0
ENSG00000255660.1	0	0	0
ENSG00000256283.1	0	0	0
ENSG00000151490.13	0	0	0
ENSG00000243916.1	0	0	0
ENSG00000151491.12	1	1	0
ENSG00000200105.1	0	0	0
ENSG00000255565.1	0	0	0
ENSG00000256627.1	0	0	0
ENSG00000256953.1	0	0	0
ENSG00000023734.10	0	0	0
ENSG00000023697.12	0	0	0
ENSG00000256134.1	0	0	0
ENSG00000188991.3	0	0	0
ENSG00000008394.12	0	0	0
ENSG00000256238.1	0	0	0
ENSG00000256450.1	0	0	0
ENSG00000048540.14	0	0	0
ENSG00000256564.1	0	0	0
ENSG00000283240.1	0	0	0
ENSG00000255871.2	0	0	0
ENSG00000256211.1	1	1	0
ENSG00000213235.3	13	7	6
ENSG00000212358.1	0	0	0
ENSG00000242991.2	0	0	0
ENSG00000256896.1	0	0	0
ENSG00000256756.1	0	0	0
ENSG00000256994.1	0	0	0
ENSG00000256389.1	0	0	0
ENSG00000283665.1	0	0	0
ENSG00000206662.1	0	0	0
ENSG00000111404.6	0	0	0
ENSG00000139144.9	0	0	0
ENSG00000255892.1	0	0	0
ENSG00000255960.1	0	0	0
ENSG00000256138.1	0	0	0
ENSG00000139151.14	0	0	0
ENSG00000255993.1	0	0	0
ENSG00000255648.1	0	0	0
ENSG00000177938.4	0	0	0
ENSG00000227525.4	13	8	5
ENSG00000256844.1	0	0	0
ENSG00000052126.14	0	0	0
ENSG00000253284.2	0	0	0
ENSG00000240993.3	0	0	0
ENSG00000243854.3	0	0	0
ENSG00000139154.14	0	0	0
ENSG00000255909.1	0	0	0
ENSG00000271462.1	0	0	0
ENSG00000200247.1	0	0	0
ENSG00000245205.3	24	11	13
ENSG00000240328.1	0	0	0
ENSG00000200885.1	0	0	0
ENSG00000255910.1	0	0	0
ENSG00000256849.1	1	1	0
ENSG00000256287.1	0	0	0
ENSG00000256499.1	0	0	0
ENSG00000256879.1	0	0	0
ENSG00000172572.6	0	0	0
ENSG00000131982.5	0	0	0
ENSG00000256663.1	0	0	0
ENSG00000139155.8	0	0	0
ENSG00000111700.12	0	0	0
ENSG00000257046.5	0	0	0
ENSG00000256157.1	0	0	0
ENSG00000205754.10	0	0	0
ENSG00000257062.6	0	0	0
ENSG00000134538.2	0	0	0
ENSG00000084453.16	0	0	0
ENSG00000121351.7	0	0	0
ENSG00000121350.15	0	0	0
ENSG00000256021.1	0	0	0
ENSG00000004700.15	0	0	0
ENSG00000111711.9	1	0	1
ENSG00000134548.9	0	0	0
ENSG00000111713.2	0	0	0
ENSG00000111716.12	1	0	1
ENSG00000256615.1	0	0	0
ENSG00000255644.1	0	0	0
ENSG00000121361.3	0	0	0
ENSG00000069431.11	0	0	0
ENSG00000257022.1	0	0	0
ENSG00000275567.1	0	0	0
ENSG00000255627.1	0	0	0
ENSG00000111726.12	0	0	0
ENSG00000111728.10	0	0	0
ENSG00000274624.1	0	0	0
ENSG00000283582.1	0	0	0
ENSG00000212172.1	0	0	0
ENSG00000256714.1	0	0	0
ENSG00000111731.12	0	0	0
ENSG00000256973.1	0	0	0
ENSG00000256371.1	0	0	0
ENSG00000256774.1	1	0	1
ENSG00000250166.2	0	0	0
ENSG00000257023.1	0	0	0
ENSG00000139163.15	0	0	0
ENSG00000274885.1	0	0	0
ENSG00000256995.6	0	0	0
ENSG00000241451.2	0	0	0
ENSG00000256923.1	0	0	0
ENSG00000256321.5	0	0	0
ENSG00000256353.1	0	0	0
ENSG00000115934.11	0	0	0
ENSG00000134532.15	0	0	0
ENSG00000256473.1	0	0	0
ENSG00000216192.1	0	0	0
ENSG00000255864.5	0	0	0
ENSG00000256120.1	0	0	0
ENSG00000197503.4	0	0	0
ENSG00000256852.1	0	0	0
ENSG00000244662.1	0	0	0
ENSG00000255745.1	0	0	0
ENSG00000240481.3	0	0	0
ENSG00000060982.14	0	0	0
ENSG00000256482.1	0	0	0
ENSG00000278969.1	0	0	0
ENSG00000255921.1	0	0	0
ENSG00000213736.2	0	0	0
ENSG00000226397.8	0	0	0
ENSG00000118308.15	0	0	0
ENSG00000258546.1	0	0	0
ENSG00000258449.1	0	0	0
ENSG00000276842.1	0	0	0
ENSG00000118307.18	0	0	0
ENSG00000205707.10	0	0	0
ENSG00000133703.11	0	0	0
ENSG00000274987.1	0	0	0
ENSG00000275197.1	0	0	0
ENSG00000278743.1	0	0	0
ENSG00000201439.1	0	0	0
ENSG00000241846.1	0	0	0
ENSG00000152936.10	0	0	0
ENSG00000279173.1	0	0	0
ENSG00000256079.1	0	0	0
ENSG00000255988.1	0	0	0
ENSG00000257009.1	0	0	0
ENSG00000222950.1	0	0	0
ENSG00000256686.1	0	0	0
ENSG00000255725.2	0	0	0
ENSG00000256440.1	0	0	0
ENSG00000283603.1	0	0	0
ENSG00000256256.1	0	0	0
ENSG00000246695.7	0	0	0
ENSG00000123094.15	0	0	0
ENSG00000123095.5	0	0	0
ENSG00000123096.11	0	0	0
ENSG00000256894.1	0	0	0
ENSG00000256234.1	0	0	0
ENSG00000255750.5	0	0	0
ENSG00000278095.1	0	0	0
ENSG00000255858.1	0	0	0
ENSG00000255968.1	0	0	0
ENSG00000256185.1	0	0	0
ENSG00000123104.11	0	0	0
ENSG00000212549.1	0	0	0
ENSG00000234428.2	0	0	0
ENSG00000256640.1	0	0	0
ENSG00000064102.14	0	0	0
ENSG00000111790.13	0	0	0
ENSG00000247903.1	0	0	0
ENSG00000064115.10	0	0	0
ENSG00000152944.8	0	0	0
ENSG00000275764.1	0	0	0
ENSG00000214700.5	0	0	0
ENSG00000271418.1	0	0	0
ENSG00000256226.1	0	0	0
ENSG00000256625.1	0	0	0
ENSG00000211455.7	0	0	0
ENSG00000029153.14	0	0	0
ENSG00000245311.2	0	0	0
ENSG00000165935.9	0	0	0
ENSG00000257037.1	1	1	0
ENSG00000110841.13	1	0	1
ENSG00000248100.2	0	0	0
ENSG00000256056.1	0	0	0
ENSG00000256557.1	0	0	0
ENSG00000256377.5	0	0	0
ENSG00000174236.3	0	0	0
ENSG00000276261.1	0	0	0
ENSG00000230519.2	0	0	0
ENSG00000256504.2	0	0	0
ENSG00000061794.12	0	0	0
ENSG00000252585.1	0	0	0
ENSG00000205693.3	0	0	0
ENSG00000256747.1	0	0	0
ENSG00000087448.9	1	0	1
ENSG00000256512.1	0	0	0
ENSG00000201612.1	0	0	0
ENSG00000274075.1	0	0	0
ENSG00000256378.1	0	0	0
ENSG00000087494.15	0	0	0
ENSG00000257042.1	0	0	0
ENSG00000123106.10	0	0	0
ENSG00000247934.4	0	0	0
ENSG00000255951.1	0	0	0
ENSG00000278733.1	0	0	0
ENSG00000273989.1	0	0	0
ENSG00000252237.1	0	0	0
ENSG00000202187.1	0	0	0
ENSG00000244712.1	0	0	0
ENSG00000256513.1	0	0	0
ENSG00000278687.1	0	0	0
ENSG00000257258.1	0	0	0
ENSG00000064763.10	0	0	0
ENSG00000275278.1	0	0	0
ENSG00000275476.1	0	0	0
ENSG00000257176.2	0	0	0
ENSG00000274315.1	0	0	0
ENSG00000273680.1	0	0	0
ENSG00000087502.17	0	0	0
ENSG00000257599.1	0	0	0
ENSG00000187950.8	0	0	0
ENSG00000133687.15	0	0	0
ENSG00000257456.1	0	0	0
ENSG00000242986.2	0	0	0
ENSG00000276431.1	0	0	0
ENSG00000257262.1	0	0	0
ENSG00000257756.5	0	0	0
ENSG00000251781.1	0	0	0
ENSG00000257932.1	0	0	0
ENSG00000258202.1	0	0	0
ENSG00000133704.9	0	0	0
ENSG00000110888.17	0	0	0
ENSG00000246331.2	0	0	0
ENSG00000235884.3	0	0	0
ENSG00000258118.1	1	1	0
ENSG00000110900.14	1	0	1
ENSG00000226472.8	0	0	0
ENSG00000256984.2	0	0	0
ENSG00000245614.3	0	0	0
ENSG00000013573.16	0	0	0
ENSG00000212533.1	0	0	0
ENSG00000270926.1	0	0	0
ENSG00000177359.17	0	0	0
ENSG00000270766.1	0	0	0
ENSG00000243517.1	5	2	3
ENSG00000270395.1	0	0	0
ENSG00000275097.1	0	0	0
ENSG00000139146.13	1	0	1
ENSG00000256176.1	0	0	0
ENSG00000177340.5	0	0	0
ENSG00000256232.1	0	0	0
ENSG00000283256.1	0	0	0
ENSG00000170456.15	0	0	0
ENSG00000200388.1	1	1	0
ENSG00000275769.1	0	0	0
ENSG00000203437.3	0	0	0
ENSG00000256159.1	0	0	0
ENSG00000201228.1	0	0	0
ENSG00000225349.2	0	0	0
ENSG00000255867.1	1	0	1
ENSG00000252390.1	0	0	0
ENSG00000231788.4	0	0	0
ENSG00000233381.3	0	0	0
ENSG00000139160.13	0	0	0
ENSG00000151743.10	0	0	0
ENSG00000276058.1	0	0	0
ENSG00000276900.1	0	0	0
ENSG00000256843.1	0	0	0
ENSG00000223722.3	2	2	0
ENSG00000188375.4	2	2	0
ENSG00000252421.1	0	0	0
ENSG00000252204.1	0	0	0
ENSG00000256372.1	0	0	0
ENSG00000255760.1	0	0	0
ENSG00000256465.1	0	0	0
ENSG00000244436.2	0	0	0
ENSG00000242314.1	2	2	0
ENSG00000256987.1	0	0	0
ENSG00000174718.11	0	0	0
ENSG00000276136.1	0	0	0
ENSG00000257094.1	0	0	0
ENSG00000257852.1	0	0	0
ENSG00000271357.1	0	0	0
ENSG00000257530.1	0	0	0
ENSG00000151746.13	0	0	0
ENSG00000277342.1	0	0	0
ENSG00000258134.1	1	1	0
ENSG00000274964.1	0	0	0
ENSG00000276115.1	0	0	0
ENSG00000207176.1	0	0	0
ENSG00000139132.14	0	0	0
ENSG00000253063.1	0	0	0
ENSG00000087470.17	1	1	0
ENSG00000257643.1	0	0	0
ENSG00000201563.1	0	0	0
ENSG00000276148.1	0	0	0
ENSG00000257511.1	0	0	0
ENSG00000139131.12	0	0	0
ENSG00000274105.1	0	0	0
ENSG00000275854.1	0	0	0
ENSG00000057294.14	0	0	0
ENSG00000274976.1	0	0	0
ENSG00000244743.1	0	0	0
ENSG00000257316.1	0	0	0
ENSG00000257435.1	0	0	0
ENSG00000110975.8	0	0	0
ENSG00000259937.2	0	0	0
ENSG00000273853.1	0	0	0
ENSG00000256070.1	0	0	0
ENSG00000212475.1	0	0	0
ENSG00000270807.1	0	0	0
ENSG00000207026.1	0	0	0
ENSG00000201624.1	0	0	0
ENSG00000139133.6	0	0	0
ENSG00000245482.2	0	0	0
ENSG00000256538.1	0	0	0
ENSG00000255628.1	0	0	0
ENSG00000256986.2	0	0	0
ENSG00000250788.1	0	0	0
ENSG00000255652.3	0	0	0
ENSG00000272435.1	0	0	0
ENSG00000258794.3	0	0	0
ENSG00000256614.1	0	0	0
ENSG00000258368.2	0	0	0
ENSG00000257173.1	0	0	0
ENSG00000258278.2	0	0	0
ENSG00000274293.1	0	0	0
ENSG00000199843.1	0	0	0
ENSG00000201708.1	0	0	0
ENSG00000254381.3	0	0	0
ENSG00000257292.2	0	0	0
ENSG00000258360.1	0	0	0
ENSG00000253016.1	0	0	0
ENSG00000175548.8	0	0	0
ENSG00000257645.1	0	0	0
ENSG00000258119.1	0	0	0
ENSG00000139117.13	0	0	0
ENSG00000257718.1	0	0	0
ENSG00000257586.1	0	0	0
ENSG00000257237.1	0	0	0
ENSG00000258144.1	0	0	0
ENSG00000270718.1	0	0	0
ENSG00000139116.18	2	1	1
ENSG00000255991.2	0	0	0
ENSG00000270273.1	0	0	0
ENSG00000173208.3	0	0	0
ENSG00000180116.15	0	0	0
ENSG00000151229.12	0	0	0
ENSG00000199571.1	0	0	0
ENSG00000229014.3	1	0	1
ENSG00000260943.1	0	0	0
ENSG00000223914.1	0	0	0
ENSG00000225342.2	0	0	0
ENSG00000188906.14	0	0	0
ENSG00000229899.1	0	0	0
ENSG00000205592.13	0	0	0
ENSG00000258167.1	0	0	0
ENSG00000207492.1	0	0	0
ENSG00000018236.14	0	0	0
ENSG00000257680.1	0	0	0
ENSG00000274682.1	0	0	0
ENSG00000165966.14	0	0	0
ENSG00000257228.5	0	0	0
ENSG00000252364.1	0	0	0
ENSG00000258239.1	0	0	0
ENSG00000257858.1	0	0	0
ENSG00000257784.1	0	0	0
ENSG00000257239.1	0	0	0
ENSG00000257128.1	0	0	0
ENSG00000271379.1	0	0	0
ENSG00000151233.10	0	0	0
ENSG00000015153.14	0	0	0
ENSG00000134283.17	1	0	1
ENSG00000257674.1	0	0	0
ENSG00000139168.7	0	0	0
ENSG00000278520.1	0	0	0
ENSG00000252917.1	0	0	0
ENSG00000274943.1	0	0	0
ENSG00000199886.1	0	0	0
ENSG00000257376.1	0	0	0
ENSG00000207142.1	0	0	0
ENSG00000139174.11	0	0	0
ENSG00000257225.1	0	0	0
ENSG00000258068.1	0	0	0
ENSG00000257510.1	0	0	0
ENSG00000257687.1	0	0	0
ENSG00000257405.1	0	0	0
ENSG00000257164.5	0	0	0
ENSG00000240759.1	0	0	0
ENSG00000257114.2	0	0	0
ENSG00000271272.1	0	0	0
ENSG00000257849.1	0	0	0
ENSG00000257373.1	0	0	0
ENSG00000257927.1	0	0	0
ENSG00000258331.1	0	0	0
ENSG00000173157.16	0	0	0
ENSG00000241251.2	0	0	0
ENSG00000257813.2	1	1	0
ENSG00000271508.1	0	0	0
ENSG00000257907.2	5	1	4
ENSG00000129317.14	0	0	0
ENSG00000257896.1	1	1	0
ENSG00000198001.13	0	0	0
ENSG00000151239.13	0	0	0
ENSG00000139173.9	0	0	0
ENSG00000258212.1	0	0	0
ENSG00000257947.1	0	0	0
ENSG00000257864.1	0	0	0
ENSG00000275286.1	0	0	0
ENSG00000184613.10	0	0	0
ENSG00000201788.1	0	0	0
ENSG00000185610.6	0	0	0
ENSG00000257319.1	0	0	0
ENSG00000257331.1	0	0	0
ENSG00000257572.1	0	0	0
ENSG00000199556.1	0	0	0
ENSG00000134297.6	0	0	0
ENSG00000257738.2	0	0	0
ENSG00000177119.15	0	0	0
ENSG00000278351.1	0	0	0
ENSG00000257368.2	0	0	0
ENSG00000257657.2	0	0	0
ENSG00000283545.1	0	0	0
ENSG00000273015.2	0	0	0
ENSG00000189079.15	0	0	0
ENSG00000278475.1	1	0	1
ENSG00000265093.2	0	0	0
ENSG00000270429.1	0	0	0
ENSG00000139218.17	2	1	1
ENSG00000239397.1	0	0	0
ENSG00000111371.15	0	0	0
ENSG00000274591.1	0	0	0
ENSG00000134294.13	3	2	1
ENSG00000258096.1	0	0	0
ENSG00000257261.5	0	0	0
ENSG00000257496.1	0	0	0
ENSG00000275481.1	0	0	0
ENSG00000278896.1	0	0	0
ENSG00000272369.1	0	0	0
ENSG00000272963.1	0	0	0
ENSG00000271642.1	0	0	0
ENSG00000139209.15	0	0	0
ENSG00000274723.1	0	0	0
ENSG00000139211.6	0	0	0
ENSG00000179715.12	1	0	1
ENSG00000258352.1	0	0	0
ENSG00000263838.1	0	0	0
ENSG00000247774.6	0	0	0
ENSG00000257925.1	0	0	0
ENSG00000258181.1	0	0	0
ENSG00000276454.1	0	0	0
ENSG00000258116.1	0	0	0
ENSG00000199566.1	0	0	0
ENSG00000257924.1	0	0	0
ENSG00000264906.1	0	0	0
ENSG00000257906.1	0	0	0
ENSG00000258369.1	0	0	0
ENSG00000257807.1	1	0	1
ENSG00000257905.1	0	0	0
ENSG00000005175.9	0	0	0
ENSG00000276390.1	0	0	0
ENSG00000257433.5	0	0	0
ENSG00000111405.8	0	0	0
ENSG00000280054.1	0	0	0
ENSG00000274902.1	0	0	0
ENSG00000079337.15	0	0	0
ENSG00000211584.13	0	0	0
ENSG00000277173.1	0	0	0
ENSG00000061273.17	1	0	1
ENSG00000268069.2	0	0	0
ENSG00000276691.1	0	0	0
ENSG00000274737.1	0	0	0
ENSG00000257488.5	0	0	0
ENSG00000111424.10	0	0	0
ENSG00000205537.2	0	0	0
ENSG00000278385.1	0	0	0
ENSG00000279840.1	0	0	0
ENSG00000134291.11	0	0	0
ENSG00000139219.17	0	0	0
ENSG00000258203.5	0	0	0
ENSG00000257985.1	0	0	0
ENSG00000257955.1	0	0	0
ENSG00000276814.1	0	0	0
ENSG00000079387.13	0	0	0
ENSG00000240399.1	0	0	0
ENSG00000222635.1	0	0	0
ENSG00000226138.4	0	0	0
ENSG00000152556.15	0	0	0
ENSG00000275770.1	0	0	0
ENSG00000177981.10	0	0	0
ENSG00000274124.1	0	0	0
ENSG00000258051.1	0	0	0
ENSG00000257885.1	0	0	0
ENSG00000257848.1	0	0	0
ENSG00000177875.4	0	0	0
ENSG00000279875.1	0	0	0
ENSG00000269514.1	0	0	0
ENSG00000172640.3	0	0	0
ENSG00000258234.1	0	0	0
ENSG00000275228.1	0	0	0
ENSG00000187166.1	0	0	0
ENSG00000258273.1	0	0	0
ENSG00000167528.12	0	0	0
ENSG00000257735.1	0	0	0
ENSG00000257763.1	0	0	0
ENSG00000273765.1	0	0	0
ENSG00000258024.1	0	0	0
ENSG00000257792.1	0	0	0
ENSG00000273434.1	0	0	0
ENSG00000226413.2	0	0	0
ENSG00000139223.2	0	0	0
ENSG00000177627.9	0	0	0
ENSG00000258121.1	0	0	0
ENSG00000240443.1	0	0	0
ENSG00000197376.2	0	0	0
ENSG00000198678.5	0	0	0
ENSG00000167531.6	0	0	0
ENSG00000224709.1	0	0	0
ENSG00000139620.12	0	0	0
ENSG00000221491.2	0	0	0
ENSG00000281842.2	0	0	0
ENSG00000206612.1	0	0	0
ENSG00000207313.1	0	0	0
ENSG00000129315.10	0	0	0
ENSG00000257987.5	0	0	0
ENSG00000257653.1	0	0	0
ENSG00000174233.11	1	1	0
ENSG00000264201.1	0	0	0
ENSG00000257660.5	0	0	0
ENSG00000271547.1	0	0	0
ENSG00000207467.1	0	0	0
ENSG00000167535.7	0	0	0
ENSG00000174243.9	0	0	0
ENSG00000172602.9	0	0	0
ENSG00000199394.1	0	0	0
ENSG00000239617.1	0	0	0
ENSG00000272822.1	0	0	0
ENSG00000139537.10	0	0	0
ENSG00000134285.10	0	0	0
ENSG00000255863.2	0	0	0
ENSG00000134287.9	0	0	0
ENSG00000169884.13	0	0	0
ENSG00000200303.1	0	0	0
ENSG00000125084.11	0	0	0
ENSG00000181418.7	0	0	0
ENSG00000258283.1	0	0	0
ENSG00000257913.2	0	0	0
ENSG00000181929.11	0	0	0
ENSG00000167548.14	0	0	0
ENSG00000167550.10	0	0	0
ENSG00000277672.1	0	0	0
ENSG00000139549.2	0	0	0
ENSG00000257346.1	0	0	0
ENSG00000139636.15	1	1	0
ENSG00000123416.15	1	1	2
ENSG00000258017.1	0	1	1
ENSG00000200309.1	0	0	0
ENSG00000167552.13	1	1	0
ENSG00000167553.15	1	0	2
ENSG00000274017.1	0	0	0
ENSG00000258101.2	0	0	0
ENSG00000258232.2	0	1	0
ENSG00000258334.1	0	0	0
ENSG00000135406.13	0	0	0
ENSG00000135451.12	0	0	0
ENSG00000186897.4	0	0	0
ENSG00000178401.14	0	0	0
ENSG00000123352.17	0	0	0
ENSG00000257954.1	0	0	0
ENSG00000257464.1	0	0	0
ENSG00000135519.6	0	0	0
ENSG00000187778.13	0	0	0
ENSG00000110844.13	0	0	0
ENSG00000257964.1	0	0	0
ENSG00000135436.8	0	0	0
ENSG00000199237.1	0	0	0
ENSG00000258284.1	0	0	0
ENSG00000257243.1	0	0	0
ENSG00000258104.1	0	0	0
ENSG00000161791.13	0	0	0
ENSG00000139644.12	3	2	1
ENSG00000257570.1	0	0	0
ENSG00000257730.1	0	0	0
ENSG00000167566.16	0	0	0
ENSG00000258057.5	0	0	0
ENSG00000186666.5	0	0	0
ENSG00000257253.2	0	0	0
ENSG00000242041.1	1	0	1
ENSG00000135472.8	0	0	0
ENSG00000258135.5	0	0	0
ENSG00000257771.5	0	0	0
ENSG00000167580.7	0	0	0
ENSG00000257588.1	0	0	0
ENSG00000257378.1	0	0	0
ENSG00000161798.6	6	4	2
ENSG00000086159.12	0	0	0
ENSG00000161800.12	0	0	0
ENSG00000110881.11	2	0	2
ENSG00000066117.14	0	0	0
ENSG00000167588.12	0	0	0
ENSG00000178449.8	0	0	0
ENSG00000272368.2	0	0	0
ENSG00000139624.12	0	0	0
ENSG00000050405.13	1	0	1
ENSG00000257298.1	0	0	0
ENSG00000257531.2	0	0	0
ENSG00000257256.1	0	0	0
ENSG00000221604.1	0	0	0
ENSG00000212496.1	0	0	0
ENSG00000278842.1	0	0	0
ENSG00000185958.9	0	0	0
ENSG00000244266.1	0	0	0
ENSG00000161813.21	1	1	0
ENSG00000066084.12	0	0	0
ENSG00000207136.1	0	0	0
ENSG00000200183.1	0	0	0
ENSG00000200428.1	0	0	0
ENSG00000271018.1	0	0	0
ENSG00000123268.8	0	0	0
ENSG00000271490.1	0	0	0
ENSG00000243075.3	0	0	0
ENSG00000186452.10	0	0	0
ENSG00000271621.1	0	0	0
ENSG00000185432.11	1	0	1
ENSG00000274156.1	0	0	0
ENSG00000199740.1	0	0	0
ENSG00000271596.1	0	0	0
ENSG00000214511.3	0	0	0
ENSG00000274797.1	0	0	0
ENSG00000110911.14	0	0	0
ENSG00000272028.1	0	0	0
ENSG00000199903.1	0	0	0
ENSG00000050426.15	0	0	0
ENSG00000110925.6	1	1	0
ENSG00000135457.9	0	0	0
ENSG00000244540.2	0	0	0
ENSG00000257246.1	0	0	0
ENSG00000200953.1	0	0	0
ENSG00000199824.1	0	0	0
ENSG00000184271.16	0	0	0
ENSG00000278126.1	0	0	0
ENSG00000183283.15	3	2	1
ENSG00000170545.16	0	0	0
ENSG00000110934.10	0	0	0
ENSG00000139610.1	0	0	0
ENSG00000139629.15	0	0	0
ENSG00000050438.16	0	0	0
ENSG00000271065.1	0	0	0
ENSG00000196876.15	0	0	0
ENSG00000257851.2	1	0	1
ENSG00000260122.1	0	0	0
ENSG00000260473.2	0	0	0
ENSG00000261308.2	0	0	0
ENSG00000261586.2	0	0	0
ENSG00000259887.1	0	0	0
ENSG00000167612.12	0	0	0
ENSG00000258021.1	0	0	0
ENSG00000139567.12	0	0	0
ENSG00000135503.12	2	1	1
ENSG00000206992.1	0	0	0
ENSG00000161835.10	0	0	0
ENSG00000123358.19	0	0	0
ENSG00000259884.1	0	0	0
ENSG00000123395.14	0	0	0
ENSG00000257663.1	0	0	0
ENSG00000257542.4	0	0	0
ENSG00000272724.1	0	0	0
ENSG00000257989.1	0	0	0
ENSG00000258279.3	0	0	0
ENSG00000167767.13	0	0	0
ENSG00000257137.6	0	0	0
ENSG00000257649.1	0	0	0
ENSG00000135480.15	2	1	1
ENSG00000257671.1	0	0	0
ENSG00000170442.11	0	0	0
ENSG00000135477.11	0	0	0
ENSG00000257830.1	0	0	0
ENSG00000205426.10	0	0	0
ENSG00000257829.1	0	0	0
ENSG00000170523.3	0	0	0
ENSG00000274928.6	0	0	0
ENSG00000135443.8	0	0	0
ENSG00000161849.3	0	0	0
ENSG00000258253.1	0	0	0
ENSG00000161850.2	0	0	0
ENSG00000257500.1	0	0	0
ENSG00000257844.1	0	0	0
ENSG00000170454.5	0	0	0
ENSG00000185479.5	0	0	0
ENSG00000170465.9	0	0	0
ENSG00000205420.10	0	0	0
ENSG00000186081.11	0	0	0
ENSG00000139648.6	0	0	0
ENSG00000170484.9	0	0	0
ENSG00000170486.10	0	0	0
ENSG00000257495.5	0	0	0
ENSG00000186049.8	0	0	0
ENSG00000258120.1	0	0	0
ENSG00000172867.3	0	0	0
ENSG00000167768.4	0	0	0
ENSG00000189182.9	0	0	0
ENSG00000257700.1	0	0	0
ENSG00000257402.2	0	0	0
ENSG00000258036.2	0	0	0
ENSG00000257616.1	0	0	0
ENSG00000257343.1	0	0	0
ENSG00000257675.1	0	0	0
ENSG00000257125.1	0	0	0
ENSG00000258071.1	0	0	0
ENSG00000185069.2	0	0	0
ENSG00000257404.1	0	0	0
ENSG00000186442.7	0	0	0
ENSG00000170477.12	0	0	0
ENSG00000185640.5	0	0	0
ENSG00000257389.1	0	0	0
ENSG00000170423.12	0	0	0
ENSG00000241146.1	0	0	0
ENSG00000170421.12	3	1	3
ENSG00000111057.10	2	1	2
ENSG00000063046.17	4	2	2
ENSG00000257475.2	0	0	0
ENSG00000257337.6	0	0	0
ENSG00000111077.17	0	0	0
ENSG00000278108.1	0	0	0
ENSG00000167778.8	1	1	0
ENSG00000167779.7	0	0	0
ENSG00000167780.11	0	0	0
ENSG00000258074.1	0	0	0
ENSG00000238669.1	0	0	0
ENSG00000258016.1	0	0	0
ENSG00000257790.1	6	3	3
ENSG00000139631.18	0	0	0
ENSG00000257808.1	0	0	0
ENSG00000139651.10	1	0	1
ENSG00000139626.15	0	0	0
ENSG00000172819.16	0	0	0
ENSG00000283536.1	0	0	0
ENSG00000182544.8	1	0	1
ENSG00000135476.11	0	0	0
ENSG00000123349.13	0	0	0
ENSG00000257605.2	0	0	0
ENSG00000139637.13	0	0	0
ENSG00000094914.12	0	0	0
ENSG00000170374.5	0	0	0
ENSG00000185591.9	1	1	0
ENSG00000135409.10	0	0	0
ENSG00000205352.10	1	1	0
ENSG00000257379.1	0	0	0
ENSG00000197111.15	2	0	2
ENSG00000282977.1	0	0	0
ENSG00000273658.1	0	0	0
ENSG00000139625.12	0	0	0
ENSG00000270175.1	0	0	0
ENSG00000139546.10	0	0	0
ENSG00000267281.2	0	0	0
ENSG00000139574.8	0	0	0
ENSG00000170653.18	0	0	1
ENSG00000257550.1	0	1	0
ENSG00000275488.1	0	0	0
ENSG00000135390.17	0	0	0
ENSG00000213470.4	0	0	0
ENSG00000012822.15	1	1	0
ENSG00000260492.2	0	0	0
ENSG00000260030.1	0	0	0
ENSG00000253053.1	0	0	0
ENSG00000249641.2	0	0	0
ENSG00000123364.4	0	0	0
ENSG00000123407.3	0	0	0
ENSG00000228630.5	0	0	0
ENSG00000275589.1	0	0	0
ENSG00000277994.1	0	0	0
ENSG00000274817.1	0	0	0
ENSG00000277129.1	0	0	0
ENSG00000123388.4	0	0	0
ENSG00000251151.2	0	0	0
ENSG00000180818.4	0	0	0
ENSG00000273049.1	0	0	0
ENSG00000197757.7	0	0	0
ENSG00000207924.3	0	0	0
ENSG00000250133.2	0	0	0
ENSG00000180806.4	0	0	0
ENSG00000250451.5	0	0	0
ENSG00000037965.5	0	0	0
ENSG00000198353.7	0	0	0
ENSG00000273046.1	0	0	0
ENSG00000260597.1	0	0	0
ENSG00000172789.3	0	0	0
ENSG00000207571.1	0	0	0
ENSG00000248265.1	0	0	0
ENSG00000250654.7	0	0	0
ENSG00000249388.1	0	0	0
ENSG00000250432.5	0	0	0
ENSG00000202146.1	0	0	0
ENSG00000123415.15	0	0	0
ENSG00000250742.2	0	0	0
ENSG00000283073.1	0	0	0
ENSG00000260470.1	0	0	0
ENSG00000257534.1	0	0	0
ENSG00000248576.1	0	0	0
ENSG00000094916.15	1	1	0
ENSG00000283803.1	0	0	0
ENSG00000241785.3	0	0	0
ENSG00000257596.1	0	0	0
ENSG00000258344.1	0	0	0
ENSG00000135486.17	5	3	2
ENSG00000123405.13	0	0	0
ENSG00000111481.9	0	0	0
ENSG00000207381.1	0	0	0
ENSG00000199122.3	0	0	0
ENSG00000264028.2	0	0	0
ENSG00000258137.5	0	0	0
ENSG00000258086.1	0	0	0
ENSG00000139572.3	0	0	0
ENSG00000161642.17	0	0	0
ENSG00000161638.10	0	0	0
ENSG00000257477.1	0	0	0
ENSG00000170627.10	0	0	0
ENSG00000123338.12	0	0	0
ENSG00000257824.1	0	0	0
ENSG00000123360.11	0	0	0
ENSG00000135447.16	0	0	0
ENSG00000257780.5	0	0	0
ENSG00000135413.8	0	0	0
ENSG00000161634.11	0	0	0
ENSG00000257634.1	0	0	0
ENSG00000270858.1	0	0	0
ENSG00000172551.10	0	0	0
ENSG00000135426.15	0	0	0
ENSG00000257870.1	0	0	0
ENSG00000123307.3	0	0	0
ENSG00000196534.4	0	0	0
ENSG00000257350.1	0	0	0
ENSG00000170605.5	0	0	0
ENSG00000224622.1	0	0	0
ENSG00000227423.2	0	0	0
ENSG00000179919.3	0	0	0
ENSG00000197706.3	0	0	0
ENSG00000213451.2	0	0	0
ENSG00000205331.5	0	0	0
ENSG00000188324.3	0	0	0
ENSG00000230307.1	0	0	0
ENSG00000205330.3	0	0	0
ENSG00000205329.1	0	0	0
ENSG00000257757.1	0	0	0
ENSG00000187857.3	0	0	0
ENSG00000203408.3	0	0	0
ENSG00000233606.1	0	0	0
ENSG00000257414.1	0	0	0
ENSG00000205328.2	0	0	0
ENSG00000179899.8	0	0	0
ENSG00000185821.3	0	0	0
ENSG00000258763.5	0	0	0
ENSG00000179695.1	0	0	0
ENSG00000184954.4	0	0	0
ENSG00000205327.3	0	0	0
ENSG00000234670.1	0	0	0
ENSG00000179626.3	0	0	0
ENSG00000179615.1	0	0	0
ENSG00000272937.1	0	0	0
ENSG00000175398.2	0	0	0
ENSG00000258921.1	0	0	0
ENSG00000272837.1	0	0	0
ENSG00000258907.2	1	1	0
ENSG00000270458.1	0	0	0
ENSG00000170439.6	0	0	0
ENSG00000135424.15	0	0	0
ENSG00000258311.5	0	0	0
ENSG00000135441.7	0	0	0
ENSG00000135437.9	0	0	0
ENSG00000135404.11	1	1	0
ENSG00000258056.2	0	0	0
ENSG00000258045.2	0	0	0
ENSG00000257384.1	0	0	0
ENSG00000135414.9	0	0	0
ENSG00000205323.8	0	0	0
ENSG00000257390.5	0	0	0
ENSG00000257509.1	0	0	0
ENSG00000123353.9	0	0	0
ENSG00000135392.15	0	0	0
ENSG00000182796.13	0	0	0
ENSG00000123342.15	0	0	0
ENSG00000257966.1	0	0	0
ENSG00000257569.1	0	0	0
ENSG00000170473.16	0	0	0
ENSG00000065357.19	0	0	0
ENSG00000273973.1	0	0	0
ENSG00000185664.14	0	0	0
ENSG00000123374.10	1	1	0
ENSG00000258554.1	0	0	0
ENSG00000111540.15	3	3	1
ENSG00000237493.3	0	0	1
ENSG00000139531.12	2	0	2
ENSG00000123411.14	0	0	0
ENSG00000273890.1	0	0	0
ENSG00000257449.1	0	0	0
ENSG00000197728.9	0	0	0
ENSG00000065361.14	2	0	2
ENSG00000257411.1	0	0	0
ENSG00000170515.13	1	1	0
ENSG00000257553.1	0	0	0
ENSG00000229117.8	5	3	2
ENSG00000135482.6	0	0	0
ENSG00000139641.12	0	0	0
ENSG00000258345.1	0	0	0
ENSG00000258317.1	0	0	0
ENSG00000257809.1	0	0	0
ENSG00000196465.10	0	0	0
ENSG00000092841.18	1	1	0
ENSG00000258199.1	0	0	0
ENSG00000139613.11	1	1	0
ENSG00000181852.17	0	0	0
ENSG00000139579.12	0	0	0
ENSG00000139540.11	0	0	0
ENSG00000139645.9	1	1	0
ENSG00000135469.13	0	0	0
ENSG00000258260.1	0	0	0
ENSG00000062485.18	0	0	0
ENSG00000144785.8	0	0	0
ENSG00000257303.1	0	0	0
ENSG00000257740.1	0	0	0
ENSG00000257727.5	0	0	0
ENSG00000135473.14	0	0	0
ENSG00000110944.8	0	0	0
ENSG00000170581.13	0	0	0
ENSG00000252206.1	0	0	0
ENSG00000175336.9	0	0	0
ENSG00000274823.1	0	0	0
ENSG00000259099.2	0	0	0
ENSG00000276272.1	0	0	0
ENSG00000274569.1	0	0	0
ENSG00000111602.11	1	0	1
ENSG00000135517.6	0	0	0
ENSG00000176422.13	0	0	0
ENSG00000135423.12	0	0	0
ENSG00000257576.1	1	0	1
ENSG00000076067.12	0	0	0
ENSG00000201579.1	0	0	0
ENSG00000076108.11	3	1	2
ENSG00000110955.8	0	0	0
ENSG00000207031.1	0	0	0
ENSG00000110958.15	0	0	0
ENSG00000241217.3	0	0	0
ENSG00000196531.10	1	0	1
ENSG00000198056.13	0	0	0
ENSG00000025423.11	0	0	0
ENSG00000258679.1	2	1	1
ENSG00000273536.1	0	0	0
ENSG00000258816.1	0	0	0
ENSG00000212383.1	0	0	0
ENSG00000170426.1	0	0	0
ENSG00000278400.1	0	0	0
ENSG00000139547.7	0	0	0
ENSG00000278399.1	0	0	0
ENSG00000166856.2	0	0	0
ENSG00000166860.2	0	0	0
ENSG00000166863.11	0	0	0
ENSG00000166866.12	0	0	0
ENSG00000166881.9	0	0	0
ENSG00000166886.12	0	0	0
ENSG00000166888.11	1	0	1
ENSG00000123384.13	1	1	0
ENSG00000259125.1	0	0	0
ENSG00000221365.1	0	0	0
ENSG00000182379.9	0	0	0
ENSG00000182199.10	2	1	1
ENSG00000276727.1	0	0	0
ENSG00000185633.10	2	0	2
ENSG00000185482.7	1	0	1
ENSG00000258830.1	0	0	0
ENSG00000179912.20	0	0	0
ENSG00000201198.1	0	0	0
ENSG00000258001.1	0	0	0
ENSG00000175189.3	0	0	0
ENSG00000139269.2	0	0	0
ENSG00000111087.9	0	0	0
ENSG00000123329.17	0	0	0
ENSG00000166986.14	0	0	0
ENSG00000284152.1	0	0	0
ENSG00000175197.11	0	0	0
ENSG00000208028.1	0	0	0
ENSG00000166987.14	0	0	0
ENSG00000175203.15	0	0	0
ENSG00000155980.11	0	0	0
ENSG00000166908.17	0	0	0
ENSG00000178498.15	1	1	0
ENSG00000240771.6	0	0	0
ENSG00000224713.4	0	0	0
ENSG00000135502.17	0	0	0
ENSG00000135454.13	0	0	0
ENSG00000242990.2	0	0	0
ENSG00000135506.15	1	1	2
ENSG00000257342.1	0	2	0
ENSG00000135439.11	0	0	0
ENSG00000255737.2	0	0	0
ENSG00000135452.9	0	0	0
ENSG00000135446.16	0	0	0
ENSG00000283621.1	0	0	0
ENSG00000139266.5	0	0	0
ENSG00000111012.9	1	1	0
ENSG00000037897.16	0	0	0
ENSG00000123427.16	0	0	0
ENSG00000257921.5	0	0	0
ENSG00000123297.17	0	1	0
ENSG00000135407.10	0	0	1
ENSG00000270039.1	0	0	0
ENSG00000206749.1	0	0	0
ENSG00000269903.1	0	0	0
ENSG00000175215.10	1	0	1
ENSG00000207789.1	0	0	0
ENSG00000257953.1	0	0	0
ENSG00000245651.2	0	0	0
ENSG00000273805.1	0	0	0
ENSG00000257698.1	0	0	0
ENSG00000166896.7	0	0	0
ENSG00000257159.1	1	1	0
ENSG00000222210.1	0	0	0
ENSG00000257668.1	0	0	0
ENSG00000257541.1	0	0	0
ENSG00000279134.1	0	0	0
ENSG00000279411.1	0	0	0
ENSG00000241423.2	0	0	0
ENSG00000258133.1	0	0	0
ENSG00000258231.5	0	0	0
ENSG00000257259.1	0	0	0
ENSG00000139263.11	0	0	0
ENSG00000257443.1	0	0	0
ENSG00000244390.2	1	1	0
ENSG00000257288.1	0	0	0
ENSG00000258214.1	0	0	0
ENSG00000212599.1	0	0	0
ENSG00000251931.1	0	0	0
ENSG00000257230.1	0	0	0
ENSG00000202471.1	0	0	0
ENSG00000118596.11	0	0	0
ENSG00000257146.1	0	0	0
ENSG00000237176.4	0	0	0
ENSG00000257294.2	0	0	0
ENSG00000258184.1	0	0	0
ENSG00000252607.1	0	0	0
ENSG00000251822.1	0	0	0
ENSG00000257865.1	0	0	0
ENSG00000257308.1	0	0	0
ENSG00000258336.2	0	0	0
ENSG00000198673.10	0	0	0
ENSG00000242922.2	0	0	0
ENSG00000257528.1	0	0	0
ENSG00000213363.4	5	4	1
ENSG00000257880.1	0	0	0
ENSG00000258316.1	0	0	0
ENSG00000135655.15	0	0	0
ENSG00000284360.1	0	0	0
ENSG00000200814.1	0	0	0
ENSG00000275881.1	0	0	0
ENSG00000061987.14	0	0	0
ENSG00000257568.1	0	0	0
ENSG00000202034.1	0	0	0
ENSG00000221949.5	0	0	0
ENSG00000257354.2	0	0	0
ENSG00000199179.3	0	0	0
ENSG00000275180.1	0	0	0
ENSG00000111110.11	0	0	0
ENSG00000241941.2	0	0	0
ENSG00000213352.3	0	0	0
ENSG00000200296.1	0	0	0
ENSG00000252660.1	0	0	0
ENSG00000139239.7	3	1	2
ENSG00000257779.1	0	0	0
ENSG00000250517.2	0	0	0
ENSG00000257235.1	0	0	0
ENSG00000257664.1	0	0	0
ENSG00000166148.3	0	0	0
ENSG00000279444.1	0	0	0
ENSG00000257332.1	0	0	0
ENSG00000258117.2	0	0	0
ENSG00000177990.11	0	0	0
ENSG00000249753.2	0	0	0
ENSG00000257005.1	1	1	0
ENSG00000255583.2	0	0	0
ENSG00000240027.2	0	0	0
ENSG00000118600.11	0	0	0
ENSG00000255850.1	0	0	1
ENSG00000255642.1	21	12	10
ENSG00000196935.8	0	0	0
ENSG00000242087.2	0	0	0
ENSG00000256571.1	0	0	0
ENSG00000256399.1	0	0	0
ENSG00000255780.1	0	0	0
ENSG00000255886.1	0	0	0
ENSG00000255817.1	0	0	0
ENSG00000255629.1	0	0	0
ENSG00000174206.12	0	0	0
ENSG00000212298.1	0	0	0
ENSG00000243024.6	0	0	0
ENSG00000251788.1	0	0	0
ENSG00000185306.12	0	0	0
ENSG00000256192.1	0	0	0
ENSG00000256293.2	0	0	0
ENSG00000238440.1	0	0	0
ENSG00000184575.11	0	0	0
ENSG00000255566.1	0	0	0
ENSG00000277895.1	0	0	0
ENSG00000183735.9	1	0	1
ENSG00000153179.12	0	0	0
ENSG00000256199.1	0	0	0
ENSG00000223294.1	0	0	0
ENSG00000256670.1	0	0	0
ENSG00000266016.3	0	0	0
ENSG00000207546.1	0	0	0
ENSG00000225195.2	0	0	0
ENSG00000256314.1	0	0	0
ENSG00000280320.1	0	0	0
ENSG00000280181.1	0	0	0
ENSG00000135677.10	2	2	0
ENSG00000215159.3	0	0	0
ENSG00000111490.12	0	0	0
ENSG00000243020.1	0	0	0
ENSG00000255693.1	0	0	0
ENSG00000248995.2	0	0	0
ENSG00000221564.1	0	0	0
ENSG00000198671.3	0	0	0
ENSG00000156076.9	1	1	0
ENSG00000207099.1	0	0	0
ENSG00000255700.2	0	0	0
ENSG00000174106.2	0	0	0
ENSG00000276853.1	0	0	0
ENSG00000174099.10	0	0	0
ENSG00000250280.2	0	0	0
ENSG00000215208.3	0	0	0
ENSG00000250748.6	0	0	0
ENSG00000255866.1	0	0	0
ENSG00000256268.1	0	0	0
ENSG00000256915.1	0	0	0
ENSG00000213344.2	0	0	0
ENSG00000241749.4	0	0	0
ENSG00000149948.13	0	0	0
ENSG00000277945.1	0	0	0
ENSG00000197301.7	0	0	0
ENSG00000256083.1	0	0	0
ENSG00000276878.1	0	0	0
ENSG00000256259.1	0	0	0
ENSG00000213343.5	0	0	0
ENSG00000251857.1	0	0	0
ENSG00000139233.6	0	0	0
ENSG00000228144.2	0	0	0
ENSG00000239335.4	0	0	0
ENSG00000155957.17	0	0	0
ENSG00000090376.10	0	0	0
ENSG00000225422.4	0	0	0
ENSG00000284011.1	0	0	0
ENSG00000256072.1	0	0	0
ENSG00000256777.1	0	0	0
ENSG00000222744.1	0	0	0
ENSG00000127311.9	0	0	0
ENSG00000155974.11	0	0	0
ENSG00000256285.1	0	0	0
ENSG00000256420.1	0	0	0
ENSG00000256248.1	0	0	0
ENSG00000257083.5	0	0	0
ENSG00000279310.1	0	0	0
ENSG00000255976.1	0	0	0
ENSG00000237766.2	0	0	0
ENSG00000111530.12	0	0	0
ENSG00000256037.1	0	0	0
ENSG00000256355.1	0	0	0
ENSG00000256172.1	0	0	0
ENSG00000203585.3	0	0	0
ENSG00000256077.5	0	0	0
ENSG00000127334.10	0	0	0
ENSG00000235872.2	0	0	0
ENSG00000255970.1	0	0	0
ENSG00000279505.1	0	0	0
ENSG00000255772.5	0	0	0
ENSG00000256835.1	0	0	0
ENSG00000255733.5	0	0	0
ENSG00000244432.2	0	0	0
ENSG00000236946.2	0	0	0
ENSG00000256708.1	0	0	0
ENSG00000111537.4	0	0	0
ENSG00000111536.4	0	0	0
ENSG00000127318.10	0	0	0
ENSG00000111554.14	0	0	0
ENSG00000251301.6	0	0	0
ENSG00000256273.1	0	0	0
ENSG00000273824.1	0	0	0
ENSG00000256075.1	0	0	0
ENSG00000256917.1	0	0	0
ENSG00000240087.3	4	1	4
ENSG00000274459.1	0	0	0
ENSG00000127314.17	0	1	0
ENSG00000234040.3	0	0	0
ENSG00000206650.1	0	0	0
ENSG00000234925.2	1	0	1
ENSG00000247363.2	0	0	0
ENSG00000241825.2	0	0	0
ENSG00000111581.9	0	0	0
ENSG00000233560.2	0	0	0
ENSG00000175782.9	0	0	0
ENSG00000256678.1	0	0	0
ENSG00000135679.22	0	0	0
ENSG00000256325.1	0	0	0
ENSG00000257181.1	0	0	0
ENSG00000256664.1	0	0	0
ENSG00000135678.11	0	0	0
ENSG00000252770.1	0	0	0
ENSG00000257289.1	0	0	0
ENSG00000257336.1	0	0	0
ENSG00000258140.1	0	0	0
ENSG00000111605.16	1	1	0
ENSG00000283476.1	0	0	0
ENSG00000257818.1	1	0	1
ENSG00000274979.1	0	0	0
ENSG00000090382.6	0	0	0
ENSG00000257764.2	0	0	0
ENSG00000127337.6	0	0	0
ENSG00000266185.2	0	0	0
ENSG00000241765.2	0	0	0
ENSG00000257507.1	0	0	0
ENSG00000166225.8	0	0	0
ENSG00000264405.1	0	0	0
ENSG00000283677.1	0	0	0
ENSG00000166226.12	2	1	1
ENSG00000198812.4	0	0	0
ENSG00000127325.18	0	0	0
ENSG00000279551.1	0	0	0
ENSG00000247131.5	0	0	0
ENSG00000127328.21	0	0	0
ENSG00000258052.1	0	0	0
ENSG00000166268.10	0	0	0
ENSG00000257815.5	0	0	0
ENSG00000257241.1	0	0	0
ENSG00000257139.1	0	0	0
ENSG00000257613.1	0	0	0
ENSG00000111596.11	0	0	0
ENSG00000279530.2	0	0	0
ENSG00000135643.4	0	0	0
ENSG00000222405.1	0	0	0
ENSG00000258168.5	0	0	0
ENSG00000127329.15	0	0	0
ENSG00000277247.1	0	0	0
ENSG00000153233.12	0	0	0
ENSG00000257302.1	0	0	0
ENSG00000207387.1	0	0	0
ENSG00000257265.1	0	0	0
ENSG00000257454.1	0	0	0
ENSG00000258053.1	0	0	0
ENSG00000127324.8	0	0	0
ENSG00000139292.12	0	0	0
ENSG00000277223.1	0	0	0
ENSG00000257761.1	0	0	0
ENSG00000133858.15	2	0	2
ENSG00000212461.1	0	0	0
ENSG00000173451.6	0	0	0
ENSG00000258064.1	0	0	0
ENSG00000139291.13	2	2	0
ENSG00000257515.1	0	0	0
ENSG00000080371.5	0	0	0
ENSG00000257410.1	0	0	0
ENSG00000257991.1	0	0	0
ENSG00000121749.15	0	0	0
ENSG00000257802.1	0	0	0
ENSG00000139287.12	0	0	0
ENSG00000258115.1	0	0	0
ENSG00000072657.8	0	0	0
ENSG00000236333.3	0	0	0
ENSG00000257287.1	0	0	0
ENSG00000257723.1	0	0	0
ENSG00000258235.1	0	0	0
ENSG00000258294.5	0	0	0
ENSG00000258123.1	0	0	0
ENSG00000257682.1	0	0	0
ENSG00000243164.1	0	0	0
ENSG00000252415.1	0	0	0
ENSG00000257750.1	0	0	0
ENSG00000201809.1	0	0	0
ENSG00000257587.1	0	0	0
ENSG00000258332.1	0	0	0
ENSG00000251138.6	0	0	0
ENSG00000258320.1	0	0	0
ENSG00000257183.1	0	0	0
ENSG00000257113.1	0	0	0
ENSG00000257364.1	0	0	0
ENSG00000253719.3	3	2	1
ENSG00000257386.1	0	0	0
ENSG00000257323.1	0	0	0
ENSG00000188646.6	0	0	0
ENSG00000257998.1	0	0	0
ENSG00000257434.1	0	0	0
ENSG00000166006.12	0	0	0
ENSG00000254451.2	0	0	0
ENSG00000258112.1	0	0	0
ENSG00000180881.19	0	0	0
ENSG00000257823.1	0	0	0
ENSG00000273987.1	0	0	0
ENSG00000173401.9	0	0	0
ENSG00000180481.10	0	0	0
ENSG00000139278.9	0	1	0
ENSG00000257497.2	0	0	0
ENSG00000111615.13	2	0	3
ENSG00000258077.2	0	0	0
ENSG00000257777.1	0	0	0
ENSG00000258245.1	0	0	0
ENSG00000251893.2	0	0	0
ENSG00000258088.1	0	0	0
ENSG00000258091.1	0	0	0
ENSG00000243420.3	0	0	0
ENSG00000257329.1	0	0	0
ENSG00000198923.4	1	1	0
ENSG00000139289.13	0	0	0
ENSG00000257453.1	0	0	0
ENSG00000257839.1	0	0	0
ENSG00000187109.13	1	1	0
ENSG00000257941.1	0	0	0
ENSG00000258304.1	0	0	0
ENSG00000257872.1	0	0	0
ENSG00000252858.1	0	0	0
ENSG00000257219.5	0	0	0
ENSG00000223273.1	0	0	0
ENSG00000179941.6	0	0	0
ENSG00000091039.16	1	1	0
ENSG00000257526.2	0	0	0
ENSG00000213272.5	0	0	0
ENSG00000271142.1	0	0	0
ENSG00000243071.1	4	3	1
ENSG00000241045.1	0	0	0
ENSG00000258090.1	0	0	0
ENSG00000186908.14	0	0	0
ENSG00000175183.9	0	0	0
ENSG00000257910.1	0	0	0
ENSG00000257199.2	1	1	0
ENSG00000165891.15	0	0	0
ENSG00000257677.1	0	0	0
ENSG00000067798.14	1	1	0
ENSG00000257835.1	0	0	0
ENSG00000258066.1	0	0	0
ENSG00000258225.1	0	0	0
ENSG00000257220.1	0	0	0
ENSG00000258220.1	0	0	0
ENSG00000258084.5	0	0	0
ENSG00000257879.1	0	0	0
ENSG00000257165.5	0	0	0
ENSG00000257564.1	0	0	0
ENSG00000257948.1	0	0	0
ENSG00000067715.13	0	0	0
ENSG00000257191.1	0	0	0
ENSG00000257894.2	0	0	0
ENSG00000221788.1	0	0	0
ENSG00000257604.1	0	0	0
ENSG00000257474.5	0	0	0
ENSG00000257956.1	1	1	0
ENSG00000177425.10	1	1	0
ENSG00000258048.1	0	0	0
ENSG00000058272.16	1	0	1
ENSG00000277130.1	0	0	0
ENSG00000258044.1	0	0	0
ENSG00000201942.1	0	0	0
ENSG00000257557.2	0	0	0
ENSG00000271496.1	0	0	0
ENSG00000239473.1	0	0	0
ENSG00000238842.1	0	0	0
ENSG00000230291.5	4	1	3
ENSG00000165899.10	0	0	0
ENSG00000222880.1	0	0	0
ENSG00000139304.12	0	0	0
ENSG00000257786.1	0	0	0
ENSG00000257429.1	0	0	0
ENSG00000111046.3	0	0	0
ENSG00000111049.3	0	0	0
ENSG00000257741.5	0	0	0
ENSG00000111052.7	0	0	0
ENSG00000207763.1	0	0	0
ENSG00000258215.1	0	0	0
ENSG00000208022.1	0	0	0
ENSG00000111058.7	0	0	0
ENSG00000258026.1	0	0	0
ENSG00000265227.1	0	0	0
ENSG00000139220.16	0	0	0
ENSG00000257467.5	0	0	0
ENSG00000258162.2	0	0	0
ENSG00000258375.2	0	0	0
ENSG00000257609.1	0	0	0
ENSG00000257747.1	0	0	0
ENSG00000258193.1	0	0	0
ENSG00000133773.11	0	0	0
ENSG00000127720.7	0	0	0
ENSG00000257875.1	0	0	0
ENSG00000258170.1	0	0	0
ENSG00000257837.1	0	0	0
ENSG00000257431.1	0	0	0
ENSG00000179104.8	0	0	0
ENSG00000252220.1	0	0	0
ENSG00000213270.5	0	0	0
ENSG00000258338.1	0	0	0
ENSG00000257124.2	0	0	0
ENSG00000221148.1	0	0	0
ENSG00000257729.1	0	0	0
ENSG00000258358.2	0	0	0
ENSG00000257296.1	0	0	0
ENSG00000072041.16	0	0	0
ENSG00000258073.1	0	0	0
ENSG00000231738.10	0	0	0
ENSG00000133640.18	0	0	0
ENSG00000269916.1	0	0	0
ENSG00000180318.3	0	0	0
ENSG00000258815.1	0	0	0
ENSG00000257855.1	0	0	0
ENSG00000258206.1	0	0	0
ENSG00000198774.4	0	0	0
ENSG00000133636.10	0	0	0
ENSG00000182050.13	0	0	0
ENSG00000258178.1	0	0	0
ENSG00000257897.1	0	0	0
ENSG00000258185.2	0	0	0
ENSG00000280049.1	0	0	0
ENSG00000242850.3	0	0	0
ENSG00000258205.1	0	0	0
ENSG00000257648.1	0	0	0
ENSG00000258173.1	0	0	0
ENSG00000258128.2	1	0	1
ENSG00000257912.1	0	0	0
ENSG00000257940.1	0	0	0
ENSG00000258179.1	0	0	0
ENSG00000240721.2	0	0	0
ENSG00000165805.9	0	0	0
ENSG00000133641.17	1	1	0
ENSG00000198707.14	0	0	0
ENSG00000252747.1	0	0	0
ENSG00000257752.1	0	0	0
ENSG00000139324.11	0	0	0
ENSG00000199245.1	0	0	0
ENSG00000049130.14	2	0	2
ENSG00000281333.1	0	0	0
ENSG00000252850.1	0	0	0
ENSG00000278011.1	0	0	0
ENSG00000246363.2	0	0	0
ENSG00000257629.1	0	0	0
ENSG00000257156.1	0	0	0
ENSG00000238302.1	0	0	0
ENSG00000257820.1	0	0	0
ENSG00000139318.7	2	3	0
ENSG00000274021.1	0	0	1
ENSG00000271327.1	0	0	0
ENSG00000271259.1	0	0	0
ENSG00000139323.13	0	0	0
ENSG00000226982.4	0	0	0
ENSG00000257594.3	0	0	0
ENSG00000259075.6	0	0	0
ENSG00000270344.2	0	0	0
ENSG00000279939.1	0	0	0
ENSG00000258302.2	0	0	0
ENSG00000070961.15	0	0	0
ENSG00000271614.1	0	0	0
ENSG00000252207.1	0	0	0
ENSG00000257480.1	0	0	0
ENSG00000252823.1	0	0	0
ENSG00000258216.5	0	0	0
ENSG00000258290.1	0	0	0
ENSG00000257725.1	0	0	0
ENSG00000257194.2	0	0	0
ENSG00000258183.5	0	0	0
ENSG00000257995.1	0	0	0
ENSG00000257787.1	0	0	0
ENSG00000197651.4	0	0	0
ENSG00000196243.5	0	0	0
ENSG00000083782.7	0	0	0
ENSG00000139330.5	0	0	0
ENSG00000139329.4	0	0	0
ENSG00000011465.16	1	1	0
ENSG00000258148.2	0	0	0
ENSG00000258100.1	0	0	0
ENSG00000274647.1	0	0	0
ENSG00000277738.1	0	0	0
ENSG00000258125.1	0	0	0
ENSG00000258224.1	0	0	0
ENSG00000257893.2	0	0	0
ENSG00000257863.1	0	0	0
ENSG00000257242.7	0	0	0
ENSG00000133639.4	1	1	0
ENSG00000245904.3	0	0	0
ENSG00000239201.1	0	0	0
ENSG00000199895.1	0	0	0
ENSG00000277851.1	0	0	0
ENSG00000205057.4	1	0	1
ENSG00000257127.6	0	0	0
ENSG00000266923.1	0	0	0
ENSG00000205056.8	0	0	0
ENSG00000258262.1	0	0	0
ENSG00000214215.3	0	0	0
ENSG00000187510.8	0	0	0
ENSG00000102189.16	0	0	0
ENSG00000258012.1	0	0	0
ENSG00000257195.1	1	0	1
ENSG00000202534.1	0	0	0
ENSG00000257345.2	0	0	0
ENSG00000257322.5	0	0	0
ENSG00000207365.1	0	0	0
ENSG00000270506.1	0	0	0
ENSG00000256393.1	2	0	2
ENSG00000257746.1	0	0	0
ENSG00000257210.1	0	0	0
ENSG00000258171.1	0	0	0
ENSG00000201502.1	0	0	0
ENSG00000257512.1	0	0	0
ENSG00000257252.5	0	0	0
ENSG00000173598.13	0	0	0
ENSG00000177889.9	1	1	0
ENSG00000200011.1	0	0	0
ENSG00000198015.12	1	1	0
ENSG00000243015.2	0	0	0
ENSG00000258271.1	0	0	0
ENSG00000246985.7	0	0	0
ENSG00000120833.13	0	0	0
ENSG00000186076.5	0	0	0
ENSG00000169372.12	0	0	0
ENSG00000258274.1	0	0	0
ENSG00000264978.2	0	0	0
ENSG00000258303.1	0	0	0
ENSG00000257283.1	0	0	0
ENSG00000271382.1	0	0	0
ENSG00000223126.1	0	0	0
ENSG00000257360.1	0	0	0
ENSG00000136040.8	0	0	0
ENSG00000258035.1	0	0	0
ENSG00000258172.1	0	0	0
ENSG00000258365.1	0	0	0
ENSG00000173588.14	0	0	0
ENSG00000244391.3	0	0	0
ENSG00000213250.5	0	0	0
ENSG00000278916.1	0	0	0
ENSG00000257400.1	0	0	0
ENSG00000244091.1	0	0	0
ENSG00000258357.1	0	0	0
ENSG00000236349.1	0	0	0
ENSG00000266099.1	0	0	0
ENSG00000057704.12	0	0	0
ENSG00000283818.1	0	0	0
ENSG00000257847.1	0	0	0
ENSG00000216306.3	2	1	1
ENSG00000283998.1	0	0	0
ENSG00000184752.12	0	0	0
ENSG00000120798.16	0	0	0
ENSG00000180263.13	0	0	0
ENSG00000257121.1	0	0	0
ENSG00000237774.3	0	0	0
ENSG00000028203.17	0	0	0
ENSG00000202470.1	0	0	0
ENSG00000257666.1	0	0	0
ENSG00000212535.1	0	0	0
ENSG00000199172.3	0	0	0
ENSG00000265917.1	0	0	0
ENSG00000257943.2	0	0	0
ENSG00000258313.1	0	0	0
ENSG00000222544.1	0	0	0
ENSG00000241556.1	4	1	3
ENSG00000111142.13	2	1	1
ENSG00000136014.11	0	0	0
ENSG00000257150.3	0	0	0
ENSG00000212448.1	0	0	0
ENSG00000074527.11	1	1	0
ENSG00000199506.1	0	0	0
ENSG00000258343.1	0	0	0
ENSG00000258292.1	0	0	0
ENSG00000139343.10	0	0	0
ENSG00000165972.12	0	0	0
ENSG00000139344.7	0	0	0
ENSG00000084110.10	0	0	0
ENSG00000257878.1	0	0	0
ENSG00000111144.9	1	1	0
ENSG00000257715.1	0	0	0
ENSG00000258251.1	0	0	0
ENSG00000277062.1	0	0	0
ENSG00000283422.1	0	0	0
ENSG00000111145.7	0	0	0
ENSG00000258177.1	0	0	0
ENSG00000059758.7	0	0	0
ENSG00000201435.1	0	0	0
ENSG00000257169.1	0	0	0
ENSG00000258272.1	0	0	0
ENSG00000252827.1	0	0	0
ENSG00000188596.10	0	0	0
ENSG00000258846.1	0	0	0
ENSG00000139350.11	0	0	0
ENSG00000202368.1	0	0	0
ENSG00000258131.1	0	0	0
ENSG00000257470.1	0	0	0
ENSG00000279190.1	0	0	0
ENSG00000257920.1	0	0	0
ENSG00000255794.7	0	0	0
ENSG00000221479.3	0	0	0
ENSG00000273942.1	0	0	0
ENSG00000274230.1	0	0	0
ENSG00000275231.1	0	0	0
ENSG00000273570.1	0	0	0
ENSG00000275971.1	0	0	0
ENSG00000274819.1	0	0	0
ENSG00000251844.1	0	0	0
ENSG00000278802.1	0	0	0
ENSG00000276398.1	0	0	0
ENSG00000279798.1	0	0	0
ENSG00000207586.1	0	0	0
ENSG00000277081.1	0	0	0
ENSG00000257157.1	0	0	0
ENSG00000257501.6	0	0	0
ENSG00000206899.1	0	0	0
ENSG00000265861.1	0	0	0
ENSG00000263890.1	0	0	0
ENSG00000258312.1	0	0	0
ENSG00000257580.1	0	0	0
ENSG00000201296.1	0	0	0
ENSG00000227825.4	0	0	0
ENSG00000245017.2	0	0	0
ENSG00000257167.2	0	0	0
ENSG00000120802.13	1	1	0
ENSG00000225185.3	0	0	0
ENSG00000075415.12	0	0	0
ENSG00000212443.1	0	0	0
ENSG00000166130.14	0	0	0
ENSG00000120868.13	0	0	0
ENSG00000185046.18	0	0	0
ENSG00000258204.1	1	1	0
ENSG00000257458.1	0	0	0
ENSG00000202324.1	0	0	0
ENSG00000258039.2	0	0	0
ENSG00000180219.1	0	0	0
ENSG00000214203.4	2	0	2
ENSG00000279148.1	0	0	0
ENSG00000111647.12	0	0	0
ENSG00000280088.1	0	0	0
ENSG00000257696.1	0	0	0
ENSG00000238105.7	0	0	0
ENSG00000266610.2	0	0	0
ENSG00000257489.6	0	0	0
ENSG00000221476.2	0	0	0
ENSG00000075089.9	0	0	0
ENSG00000166153.16	0	0	0
ENSG00000206790.1	0	0	0
ENSG00000136021.18	1	0	1
ENSG00000179520.10	0	0	0
ENSG00000012504.13	0	0	0
ENSG00000271177.1	0	0	0
ENSG00000139354.10	1	0	1
ENSG00000257803.2	0	0	0
ENSG00000151572.16	0	0	0
ENSG00000257325.1	0	0	0
ENSG00000258007.1	0	0	0
ENSG00000258033.1	1	1	0
ENSG00000256870.2	0	0	0
ENSG00000207414.1	0	0	0
ENSG00000241744.1	0	0	0
ENSG00000120800.4	1	1	0
ENSG00000120805.13	0	0	0
ENSG00000257543.1	0	0	0
ENSG00000222890.1	0	0	0
ENSG00000239413.1	0	0	0
ENSG00000206929.1	0	0	0
ENSG00000202249.1	0	0	0
ENSG00000252366.1	0	0	0
ENSG00000166211.7	0	0	0
ENSG00000196091.13	0	0	0
ENSG00000257514.5	0	0	0
ENSG00000274560.1	0	0	0
ENSG00000111666.10	3	1	2
ENSG00000199933.1	0	0	0
ENSG00000139351.14	0	0	0
ENSG00000111670.14	0	0	0
ENSG00000222255.1	0	0	0
ENSG00000258230.2	0	0	0
ENSG00000201168.1	0	0	0
ENSG00000222932.1	0	0	0
ENSG00000223046.1	0	0	0
ENSG00000252863.1	0	0	0
ENSG00000258153.1	1	0	1
ENSG00000136048.13	1	0	1
ENSG00000257202.1	0	0	0
ENSG00000241917.1	0	0	0
ENSG00000258308.5	0	0	0
ENSG00000258288.1	0	0	0
ENSG00000120860.10	0	0	0
ENSG00000257222.1	0	0	0
ENSG00000075188.8	0	0	0
ENSG00000185480.11	0	0	0
ENSG00000183395.4	0	0	0
ENSG00000281344.1	0	0	0
ENSG00000264554.2	0	0	0
ENSG00000258142.2	0	0	0
ENSG00000283052.1	0	0	0
ENSG00000017427.15	0	0	0
ENSG00000257254.1	0	0	0
ENSG00000258169.1	0	0	0
ENSG00000171759.9	0	0	0
ENSG00000282964.1	0	0	0
ENSG00000139352.3	0	0	0
ENSG00000257703.5	0	0	0
ENSG00000257860.5	0	0	0
ENSG00000179088.14	0	0	0
ENSG00000257415.1	0	0	0
ENSG00000257994.1	0	0	0
ENSG00000257762.5	0	0	0
ENSG00000136011.14	0	0	0
ENSG00000212594.1	0	0	0
ENSG00000257737.1	0	0	0
ENSG00000257766.1	0	0	0
ENSG00000257681.1	0	0	0
ENSG00000111696.11	0	0	0
ENSG00000257754.1	0	0	0
ENSG00000257327.1	0	0	0
ENSG00000214198.8	0	0	0
ENSG00000166598.14	3	2	1
ENSG00000284503.1	0	0	0
ENSG00000204954.9	0	0	0
ENSG00000139372.14	0	0	0
ENSG00000120820.12	0	0	0
ENSG00000216285.5	0	0	0
ENSG00000111727.11	0	0	0
ENSG00000120837.7	0	0	0
ENSG00000199415.1	0	0	0
ENSG00000257193.1	0	0	0
ENSG00000198431.15	2	0	2
ENSG00000257732.1	0	0	0
ENSG00000213442.5	11	3	8
ENSG00000255150.2	0	0	0
ENSG00000171310.10	0	0	0
ENSG00000258111.1	0	0	0
ENSG00000279176.1	0	0	0
ENSG00000264295.1	0	0	0
ENSG00000136052.9	0	0	0
ENSG00000222579.1	0	0	0
ENSG00000257758.1	0	0	0
ENSG00000151131.10	0	0	0
ENSG00000136010.13	0	0	0
ENSG00000257999.1	0	0	0
ENSG00000136051.13	0	0	0
ENSG00000136044.11	0	0	0
ENSG00000235162.8	0	0	0
ENSG00000257642.1	0	0	0
ENSG00000257859.1	0	0	0
ENSG00000257773.1	2	2	0
ENSG00000257890.1	0	0	0
ENSG00000074590.13	0	0	0
ENSG00000257438.1	0	0	0
ENSG00000257611.1	1	0	1
ENSG00000136026.13	0	0	0
ENSG00000258355.1	0	0	0
ENSG00000277715.1	1	1	0
ENSG00000238609.1	0	0	0
ENSG00000166046.10	1	0	1
ENSG00000013503.9	0	0	0
ENSG00000257545.4	0	0	0
ENSG00000111783.12	0	0	0
ENSG00000257711.1	0	0	0
ENSG00000257918.1	0	0	0
ENSG00000111785.19	0	0	0
ENSG00000257119.1	0	0	0
ENSG00000240631.1	1	1	0
ENSG00000260329.1	0	0	0
ENSG00000151135.9	0	0	0
ENSG00000120832.9	0	0	0
ENSG00000008405.11	0	0	0
ENSG00000257548.1	0	0	0
ENSG00000257444.1	0	0	0
ENSG00000151136.14	0	0	0
ENSG00000200897.1	0	0	0
ENSG00000222302.1	0	0	0
ENSG00000257579.1	0	0	0
ENSG00000222160.1	0	0	0
ENSG00000136045.11	1	0	1
ENSG00000240441.1	2	0	2
ENSG00000110851.11	0	0	0
ENSG00000258136.1	0	0	0
ENSG00000187855.5	0	0	0
ENSG00000257141.1	0	0	0
ENSG00000274395.1	0	0	0
ENSG00000257398.6	0	0	0
ENSG00000257951.2	0	0	0
ENSG00000257392.1	0	0	0
ENSG00000257426.1	0	0	0
ENSG00000258072.1	0	0	0
ENSG00000257129.1	0	0	0
ENSG00000075035.9	0	0	0
ENSG00000257281.1	0	0	0
ENSG00000174600.13	0	0	0
ENSG00000247213.6	0	0	0
ENSG00000198855.6	0	0	0
ENSG00000075856.11	1	0	1
ENSG00000136003.15	1	0	1
ENSG00000183160.8	0	0	0
ENSG00000110876.9	0	0	0
ENSG00000257221.3	0	0	0
ENSG00000284388.1	0	0	0
ENSG00000110880.10	0	0	0
ENSG00000238457.1	0	0	0
ENSG00000200060.1	0	0	0
ENSG00000273499.1	0	0	0
ENSG00000084112.14	1	1	0
ENSG00000280110.1	0	0	0
ENSG00000274598.1	0	0	0
ENSG00000207622.1	0	0	0
ENSG00000110887.7	0	0	0
ENSG00000166111.9	0	0	0
ENSG00000201324.1	0	0	0
ENSG00000279630.1	0	0	0
ENSG00000135093.12	0	0	0
ENSG00000256262.1	0	0	0
ENSG00000212138.1	0	0	0
ENSG00000189046.10	0	0	0
ENSG00000076248.10	0	0	0
ENSG00000256139.2	0	0	0
ENSG00000076555.15	0	0	0
ENSG00000139445.17	0	0	0
ENSG00000174527.9	0	0	0
ENSG00000256560.1	0	0	0
ENSG00000255655.1	0	0	0
ENSG00000110906.12	0	0	0
ENSG00000151148.13	0	0	0
ENSG00000139428.11	0	0	0
ENSG00000200274.1	0	0	0
ENSG00000110921.13	0	0	0
ENSG00000200794.1	0	0	0
ENSG00000139438.5	0	0	0
ENSG00000255650.5	0	0	0
ENSG00000111199.10	0	0	0
ENSG00000263510.1	0	0	0
ENSG00000139433.9	0	0	0
ENSG00000256351.1	0	0	0
ENSG00000241413.3	0	0	0
ENSG00000249094.2	0	0	0
ENSG00000139437.17	0	0	0
ENSG00000139436.20	0	0	0
ENSG00000277299.1	0	0	0
ENSG00000280426.1	0	0	0
ENSG00000076513.16	1	0	2
ENSG00000174456.13	0	1	0
ENSG00000277595.1	0	0	0
ENSG00000279360.1	0	0	0
ENSG00000122970.15	0	0	0
ENSG00000174437.16	1	1	0
ENSG00000276956.1	0	0	0
ENSG00000196510.12	1	1	0
ENSG00000258210.1	0	0	0
ENSG00000258011.2	1	1	0
ENSG00000111229.15	2	1	1
ENSG00000111231.8	0	0	0
ENSG00000241680.1	2	0	2
ENSG00000204856.11	0	0	0
ENSG00000111237.18	0	0	0
ENSG00000202335.1	0	0	0
ENSG00000278993.1	0	0	0
ENSG00000151164.18	0	0	0
ENSG00000196850.5	0	0	0
ENSG00000204852.15	0	0	0
ENSG00000263537.2	0	0	0
ENSG00000122986.13	0	0	0
ENSG00000186298.11	0	0	0
ENSG00000279925.1	0	0	0
ENSG00000257268.1	0	0	0
ENSG00000241286.2	0	0	0
ENSG00000173093.12	0	0	0
ENSG00000111245.14	0	0	0
ENSG00000185847.7	0	0	0
ENSG00000258240.5	0	0	0
ENSG00000111249.13	0	0	0
ENSG00000273700.1	0	0	0
ENSG00000253080.1	0	0	0
ENSG00000198324.13	0	0	0
ENSG00000257595.2	0	0	0
ENSG00000257539.2	0	0	0
ENSG00000111252.10	0	0	0
ENSG00000204842.14	0	0	0
ENSG00000272215.1	0	0	0
ENSG00000238168.5	0	0	0
ENSG00000258099.1	0	0	0
ENSG00000089234.15	0	0	0
ENSG00000258359.1	0	0	0
ENSG00000111271.14	0	0	0
ENSG00000257767.2	0	0	0
ENSG00000111275.12	0	0	0
ENSG00000274697.1	0	0	0
ENSG00000234608.7	0	0	0
ENSG00000089022.13	0	0	0
ENSG00000244060.2	0	0	0
ENSG00000229186.4	0	0	0
ENSG00000226469.1	0	0	0
ENSG00000198270.12	0	0	0
ENSG00000258373.1	0	0	0
ENSG00000257624.1	0	0	0
ENSG00000089248.6	0	0	0
ENSG00000274227.1	0	0	0
ENSG00000111300.9	0	0	0
ENSG00000266370.1	0	0	0
ENSG00000258323.1	0	0	0
ENSG00000200688.1	0	0	0
ENSG00000135148.11	0	0	0
ENSG00000200135.1	0	0	0
ENSG00000173064.12	0	0	0
ENSG00000283793.1	0	0	0
ENSG00000257494.1	0	0	0
ENSG00000201428.1	0	0	0
ENSG00000213152.5	5	3	2
ENSG00000257658.1	0	0	0
ENSG00000089009.15	3	2	1
ENSG00000179295.17	0	0	0
ENSG00000089169.14	0	0	0
ENSG00000283507.1	0	0	0
ENSG00000089127.12	0	0	0
ENSG00000257452.1	0	0	0
ENSG00000111331.12	0	0	0
ENSG00000111335.12	0	0	0
ENSG00000258159.1	0	0	0
ENSG00000242461.1	0	0	0
ENSG00000135144.7	0	0	0
ENSG00000111344.11	0	0	0
ENSG00000186710.11	0	0	0
ENSG00000199899.2	0	0	0
ENSG00000123064.12	1	1	0
ENSG00000276908.1	0	0	0
ENSG00000201208.1	0	0	0
ENSG00000139405.15	0	0	0
ENSG00000257286.1	0	0	0
ENSG00000166578.9	0	0	0
ENSG00000186815.12	0	0	0
ENSG00000277566.1	0	0	0
ENSG00000274822.1	0	0	0
ENSG00000089060.11	0	0	0
ENSG00000151176.7	0	0	0
ENSG00000135094.10	0	0	0
ENSG00000139410.14	0	0	0
ENSG00000089116.3	0	0	0
ENSG00000257935.2	0	0	0
ENSG00000249550.6	0	0	0
ENSG00000257231.1	0	0	0
ENSG00000122965.10	0	0	0
ENSG00000257359.1	0	0	0
ENSG00000257603.1	0	0	0
ENSG00000257997.5	0	0	0
ENSG00000257300.1	0	0	0
ENSG00000257915.1	0	0	0
ENSG00000257476.1	0	0	0
ENSG00000089225.19	0	0	0
ENSG00000255399.3	0	0	0
ENSG00000222982.1	0	0	0
ENSG00000255830.2	0	0	0
ENSG00000258244.1	0	0	0
ENSG00000258254.1	0	0	0
ENSG00000199220.1	0	0	0
ENSG00000135111.15	0	0	0
ENSG00000257817.1	0	0	0
ENSG00000252459.1	0	0	0
ENSG00000257517.1	0	0	0
ENSG00000283459.1	0	0	0
ENSG00000274879.1	0	0	0
ENSG00000257958.1	0	0	0
ENSG00000257519.1	0	0	0
ENSG00000271579.1	0	0	0
ENSG00000276308.1	0	0	0
ENSG00000276972.1	0	0	0
ENSG00000257726.1	0	0	0
ENSG00000258108.1	0	0	0
ENSG00000258280.1	0	0	0
ENSG00000257407.1	0	0	0
ENSG00000241656.1	2	1	1
ENSG00000240205.3	0	0	0
ENSG00000257781.1	0	0	0
ENSG00000257683.1	0	0	0
ENSG00000200112.1	0	0	0
ENSG00000123066.7	0	0	0
ENSG00000258034.1	0	0	0
ENSG00000200665.1	0	0	0
ENSG00000207967.1	0	0	0
ENSG00000257979.1	0	0	0
ENSG00000258337.1	0	0	0
ENSG00000258346.1	0	0	0
ENSG00000264037.1	0	0	0
ENSG00000258018.1	0	0	0
ENSG00000196668.3	0	0	0
ENSG00000258102.3	3	2	1
ENSG00000275898.1	0	0	0
ENSG00000258249.1	0	0	0
ENSG00000257883.1	0	0	0
ENSG00000257654.1	0	0	0
ENSG00000111412.5	1	1	0
ENSG00000135119.14	0	0	0
ENSG00000239374.1	0	0	0
ENSG00000201382.1	0	0	0
ENSG00000275467.1	0	0	0
ENSG00000135116.9	0	0	0
ENSG00000240100.1	0	0	0
ENSG00000174989.12	0	0	0
ENSG00000274554.1	0	0	0
ENSG00000257279.1	0	0	0
ENSG00000277840.1	0	0	0
ENSG00000088992.17	0	0	0
ENSG00000258285.1	0	0	0
ENSG00000135108.14	0	0	0
ENSG00000089250.18	0	0	0
ENSG00000257465.2	0	0	0
ENSG00000255686.1	0	0	0
ENSG00000171435.13	0	0	0
ENSG00000256071.1	0	0	0
ENSG00000111445.13	0	0	0
ENSG00000277873.1	0	0	0
ENSG00000176871.8	0	0	0
ENSG00000276292.1	0	0	0
ENSG00000176834.13	0	0	0
ENSG00000274859.1	0	0	0
ENSG00000089220.4	1	0	1
ENSG00000135090.13	0	0	0
ENSG00000240342.3	12	7	5
ENSG00000270482.1	0	0	0
ENSG00000111707.11	0	0	0
ENSG00000275759.1	0	0	0
ENSG00000275409.1	0	0	0
ENSG00000255714.1	0	0	0
ENSG00000241590.1	0	0	0
ENSG00000256750.1	0	0	0
ENSG00000255618.1	0	0	0
ENSG00000255814.1	0	0	0
ENSG00000199809.1	0	0	0
ENSG00000256149.1	0	0	0
ENSG00000201042.1	0	0	0
ENSG00000139767.8	0	0	0
ENSG00000244112.3	0	0	0
ENSG00000256031.1	0	0	0
ENSG00000257095.1	0	0	0
ENSG00000256884.1	0	0	0
ENSG00000152137.6	0	0	0
ENSG00000256609.1	0	0	0
ENSG00000213144.2	0	0	0
ENSG00000256311.1	0	0	0
ENSG00000281196.1	0	0	0
ENSG00000183273.6	0	0	0
ENSG00000248636.6	0	0	0
ENSG00000224982.3	0	0	0
ENSG00000252886.1	0	0	0
ENSG00000111725.10	0	0	0
ENSG00000122966.15	0	0	0
ENSG00000255692.1	0	0	0
ENSG00000283768.1	0	0	0
ENSG00000226729.3	1	0	1
ENSG00000135127.11	0	0	0
ENSG00000278250.1	0	0	0
ENSG00000255575.1	0	0	0
ENSG00000111737.11	0	0	0
ENSG00000277283.1	0	0	0
ENSG00000089154.10	0	0	0
ENSG00000266704.1	0	0	0
ENSG00000089157.15	9	6	3
ENSG00000255857.5	0	0	0
ENSG00000089159.16	1	0	1
ENSG00000275936.1	0	0	0
ENSG00000240925.1	1	0	1
ENSG00000123009.4	2	1	1
ENSG00000202538.1	0	0	0
ENSG00000200795.1	0	0	0
ENSG00000089163.4	0	0	0
ENSG00000252659.1	0	0	0
ENSG00000170890.13	0	0	0
ENSG00000135097.6	0	0	0
ENSG00000239881.1	0	0	0
ENSG00000256695.1	0	0	0
ENSG00000111775.2	0	0	0
ENSG00000111780.8	0	0	0
ENSG00000170855.3	0	0	0
ENSG00000257218.5	0	1	0
ENSG00000219355.2	0	0	0
ENSG00000111786.8	0	0	1
ENSG00000088986.10	0	0	0
ENSG00000248008.2	0	0	0
ENSG00000278344.1	0	0	0
ENSG00000110871.14	0	0	0
ENSG00000222601.1	0	0	0
ENSG00000241030.1	1	1	0
ENSG00000022840.15	1	0	1
ENSG00000167272.10	0	0	0
ENSG00000242137.1	1	1	0
ENSG00000256008.2	0	0	0
ENSG00000157782.9	0	0	0
ENSG00000110917.7	0	0	0
ENSG00000256364.1	0	0	0
ENSG00000277423.1	0	0	0
ENSG00000276188.1	0	0	0
ENSG00000175970.10	0	0	0
ENSG00000256569.1	0	0	0
ENSG00000284143.1	0	0	0
ENSG00000122971.8	0	0	0
ENSG00000255946.1	0	0	0
ENSG00000157837.15	0	0	0
ENSG00000213137.3	0	0	0
ENSG00000231313.2	2	1	1
ENSG00000244585.1	2	2	0
ENSG00000241388.4	0	0	0
ENSG00000135100.17	0	0	0
ENSG00000157895.11	0	0	0
ENSG00000135114.12	0	0	0
ENSG00000283542.1	0	0	0
ENSG00000256963.1	0	0	0
ENSG00000279001.1	0	0	0
ENSG00000201945.1	0	0	0
ENSG00000223538.2	0	0	0
ENSG00000089041.16	0	0	0
ENSG00000257053.1	0	0	0
ENSG00000274029.1	0	0	0
ENSG00000135124.14	1	1	0
ENSG00000110931.18	0	0	0
ENSG00000089053.12	0	0	0
ENSG00000258435.1	0	0	0
ENSG00000170633.16	0	0	0
ENSG00000089094.18	0	0	0
ENSG00000284402.1	0	0	0
ENSG00000256742.1	0	0	0
ENSG00000252393.1	0	0	0
ENSG00000276045.2	0	0	0
ENSG00000139714.12	0	0	0
ENSG00000188735.12	0	0	0
ENSG00000139725.7	0	0	0
ENSG00000212694.8	0	0	0
ENSG00000272849.1	0	0	0
ENSG00000274292.1	0	0	0
ENSG00000139718.10	0	0	0
ENSG00000158104.11	0	0	0
ENSG00000256811.1	0	0	0
ENSG00000278084.1	0	0	0
ENSG00000110801.13	0	0	0
ENSG00000256950.2	0	0	0
ENSG00000283389.1	0	0	0
ENSG00000239082.1	0	0	0
ENSG00000158023.9	0	0	0
ENSG00000255856.2	0	0	0
ENSG00000110987.8	0	0	0
ENSG00000256546.1	0	0	0
ENSG00000175727.13	2	1	1
ENSG00000158113.12	0	0	0
ENSG00000204671.1	0	0	0
ENSG00000176383.8	0	0	0
ENSG00000184047.16	0	0	0
ENSG00000256861.1	0	0	0
ENSG00000139719.9	0	0	0
ENSG00000280389.1	0	0	0
ENSG00000130779.19	0	0	0
ENSG00000256304.1	0	0	0
ENSG00000214760.3	0	0	0
ENSG00000257097.1	0	0	0
ENSG00000033030.13	0	0	0
ENSG00000252192.1	0	0	0
ENSG00000275265.1	0	0	0
ENSG00000111011.17	0	0	0
ENSG00000184445.11	1	0	1
ENSG00000255972.1	0	0	0
ENSG00000274191.1	0	0	0
ENSG00000256249.1	0	0	0
ENSG00000182782.7	0	0	0
ENSG00000255398.2	0	0	0
ENSG00000196917.5	0	0	0
ENSG00000256044.1	0	0	0
ENSG00000139726.10	0	0	0
ENSG00000206914.1	0	0	0
ENSG00000130783.13	0	0	0
ENSG00000130787.13	0	0	0
ENSG00000139722.6	0	0	0
ENSG00000256152.2	0	0	0
ENSG00000280138.1	0	0	0
ENSG00000150967.17	0	0	0
ENSG00000111325.16	0	0	0
ENSG00000256028.2	0	0	0
ENSG00000182196.13	0	0	0
ENSG00000090975.12	0	0	0
ENSG00000265526.1	0	0	0
ENSG00000251497.2	0	0	0
ENSG00000280381.1	0	0	0
ENSG00000051825.14	0	0	0
ENSG00000280120.1	0	0	0
ENSG00000130921.7	0	0	0
ENSG00000235423.8	0	0	0
ENSG00000111328.6	0	0	0
ENSG00000269980.1	0	0	0
ENSG00000199845.1	0	0	0
ENSG00000139697.13	0	0	0
ENSG00000207189.1	0	0	0
ENSG00000256092.2	0	0	0
ENSG00000284425.1	0	0	0
ENSG00000183955.12	1	1	0
ENSG00000150977.10	0	0	0
ENSG00000270445.1	0	0	0
ENSG00000184209.14	0	0	0
ENSG00000188026.12	0	0	0
ENSG00000274427.1	0	0	0
ENSG00000278112.1	0	0	0
ENSG00000266655.1	0	0	0
ENSG00000247373.3	0	0	0
ENSG00000086598.10	1	1	0
ENSG00000111364.15	0	0	0
ENSG00000206897.1	0	0	0
ENSG00000111361.12	0	0	0
ENSG00000111358.13	0	0	0
ENSG00000279953.1	0	0	0
ENSG00000278861.1	0	0	0
ENSG00000168778.11	0	0	0
ENSG00000255839.1	0	0	0
ENSG00000185344.13	0	1	0
ENSG00000239215.1	0	0	0
ENSG00000280300.1	0	0	1
ENSG00000197653.15	0	0	0
ENSG00000119242.8	0	0	0
ENSG00000270028.1	1	0	1
ENSG00000250091.2	0	0	0
ENSG00000270130.1	0	0	0
ENSG00000270048.1	0	0	0
ENSG00000269997.1	0	0	0
ENSG00000269938.1	0	0	0
ENSG00000270061.1	0	0	0
ENSG00000270095.1	0	0	0
ENSG00000179195.15	1	0	1
ENSG00000178882.14	0	0	0
ENSG00000274874.1	0	0	0
ENSG00000256827.1	0	0	0
ENSG00000275389.1	0	0	0
ENSG00000256596.1	0	0	0
ENSG00000196498.13	0	0	0
ENSG00000275967.1	0	0	0
ENSG00000255965.1	0	0	0
ENSG00000214650.2	0	0	0
ENSG00000279527.1	0	0	0
ENSG00000279071.1	0	0	0
ENSG00000280354.1	0	0	0
ENSG00000279121.1	0	0	0
ENSG00000279334.1	0	0	0
ENSG00000280097.1	0	0	0
ENSG00000278973.1	0	0	0
ENSG00000280444.1	0	0	0
ENSG00000279087.1	0	0	0
ENSG00000279931.1	0	0	0
ENSG00000073060.15	0	0	0
ENSG00000252008.1	0	0	0
ENSG00000150991.14	4	1	3
ENSG00000265345.1	0	0	0
ENSG00000241129.3	4	1	3
ENSG00000150990.7	1	0	1
ENSG00000184992.10	0	0	0
ENSG00000280634.1	0	0	0
ENSG00000256093.1	0	0	0
ENSG00000081760.16	0	0	0
ENSG00000279233.1	0	0	0
ENSG00000256814.1	0	0	0
ENSG00000280117.1	0	0	0
ENSG00000139364.10	0	0	0
ENSG00000279462.1	0	0	0
ENSG00000280125.1	0	0	0
ENSG00000280415.1	0	0	0
ENSG00000271184.1	0	0	0
ENSG00000249267.6	0	0	0
ENSG00000256276.1	0	0	0
ENSG00000275212.1	0	0	0
ENSG00000256342.1	0	0	0
ENSG00000280364.1	0	0	0
ENSG00000280398.1	0	0	0
ENSG00000280272.1	0	0	0
ENSG00000256763.1	0	0	0
ENSG00000255595.2	0	0	0
ENSG00000256494.1	0	0	0
ENSG00000256927.1	0	0	0
ENSG00000214043.7	0	0	0
ENSG00000256125.1	0	0	0
ENSG00000255853.1	0	0	0
ENSG00000256310.1	0	0	0
ENSG00000256732.1	0	0	0
ENSG00000255900.1	0	0	0
ENSG00000255944.1	0	0	0
ENSG00000278866.1	0	0	0
ENSG00000279171.1	0	0	0
ENSG00000255998.1	0	0	0
ENSG00000189238.5	0	0	0
ENSG00000256128.5	0	0	0
ENSG00000255923.1	0	0	0
ENSG00000249873.6	0	0	0
ENSG00000256286.1	0	0	0
ENSG00000257021.1	0	0	0
ENSG00000249345.6	0	0	0
ENSG00000256001.1	0	0	0
ENSG00000278266.1	0	0	0
ENSG00000256292.1	0	0	0
ENSG00000256496.1	0	0	0
ENSG00000253089.1	0	0	0
ENSG00000256362.1	0	0	0
ENSG00000256502.1	0	0	0
ENSG00000280024.1	0	0	0
ENSG00000279952.1	0	0	0
ENSG00000255945.1	0	0	0
ENSG00000199584.1	0	0	0
ENSG00000257035.1	0	0	0
ENSG00000256022.5	0	0	0
ENSG00000256922.1	0	0	0
ENSG00000279475.1	0	0	0
ENSG00000255757.1	0	0	0
ENSG00000256597.2	0	0	0
ENSG00000256193.5	0	0	0
ENSG00000256971.1	0	0	0
ENSG00000256643.1	0	0	0
ENSG00000256551.1	0	0	0
ENSG00000256659.1	0	0	0
ENSG00000276487.1	0	0	0
ENSG00000265061.1	0	0	0
ENSG00000181234.9	0	0	0
ENSG00000279180.1	0	0	0
ENSG00000265635.1	0	0	0
ENSG00000257025.1	0	0	0
ENSG00000256630.1	0	0	0
ENSG00000139370.11	0	0	0
ENSG00000279500.1	0	0	0
ENSG00000274695.1	0	0	0
ENSG00000151948.11	0	0	0
ENSG00000255838.1	0	0	0
ENSG00000256581.1	0	0	0
ENSG00000151952.15	0	0	0
ENSG00000249196.6	0	0	0
ENSG00000277217.1	0	0	0
ENSG00000256699.1	0	0	0
ENSG00000280051.1	0	0	0
ENSG00000256085.1	0	0	0
ENSG00000256137.1	0	0	0
ENSG00000280196.1	0	0	0
ENSG00000251536.2	0	0	0
ENSG00000261650.1	0	0	0
ENSG00000214039.8	0	0	0
ENSG00000256298.1	0	0	0
ENSG00000256906.1	0	0	0
ENSG00000279193.1	0	0	0
ENSG00000276122.1	0	0	0
ENSG00000250208.6	0	0	0
ENSG00000280405.1	0	0	0
ENSG00000111432.4	0	0	0
ENSG00000242963.1	0	0	0
ENSG00000259862.1	0	0	0
ENSG00000125207.7	0	0	0
ENSG00000279343.1	0	0	0
ENSG00000279478.1	0	0	0
ENSG00000060709.14	0	0	0
ENSG00000256064.1	0	0	0
ENSG00000279905.1	0	0	0
ENSG00000279146.1	0	0	0
ENSG00000256725.1	0	0	0
ENSG00000256343.7	0	0	0
ENSG00000279650.1	0	0	0
ENSG00000111450.13	0	0	0
ENSG00000256250.1	0	0	0
ENSG00000256299.1	0	0	0
ENSG00000222438.1	0	0	0
ENSG00000132341.11	1	1	0
ENSG00000206850.1	0	0	0
ENSG00000111452.12	0	0	0
ENSG00000279940.1	0	0	0
ENSG00000279976.1	0	0	0
ENSG00000280200.1	0	0	0
ENSG00000256204.1	0	0	0
ENSG00000279581.1	0	0	0
ENSG00000280002.1	0	0	0
ENSG00000256151.1	0	0	0
ENSG00000279128.1	0	0	0
ENSG00000279993.1	0	0	0
ENSG00000256810.1	0	0	0
ENSG00000204603.6	0	0	0
ENSG00000280217.1	0	0	0
ENSG00000226356.2	0	0	0
ENSG00000279746.1	0	0	0
ENSG00000248703.2	0	0	0
ENSG00000212251.1	0	0	0
ENSG00000230294.4	0	0	0
ENSG00000256484.1	0	0	0
ENSG00000280319.1	0	0	0
ENSG00000275232.1	0	0	0
ENSG00000256209.1	0	0	0
ENSG00000279388.1	0	0	0
ENSG00000255704.1	0	0	0
ENSG00000279455.1	0	0	0
ENSG00000256258.1	0	0	0
ENSG00000279153.1	0	0	0
ENSG00000256424.1	0	0	0
ENSG00000212154.1	0	0	0
ENSG00000249926.2	0	0	0
ENSG00000243499.1	0	0	0
ENSG00000061936.9	0	0	0
ENSG00000255933.1	0	0	0
ENSG00000200516.1	0	0	0
ENSG00000200483.1	0	0	0
ENSG00000198598.6	0	0	0
ENSG00000256955.2	0	0	0
ENSG00000177169.9	1	1	0
ENSG00000279283.1	0	0	0
ENSG00000255992.1	0	0	0
ENSG00000177192.13	0	0	0
ENSG00000273568.1	0	0	0
ENSG00000183495.13	0	0	0
ENSG00000208892.1	0	0	0
ENSG00000257000.1	0	0	0
ENSG00000274670.1	0	0	0
ENSG00000185684.12	0	1	1
ENSG00000279640.1	0	0	0
ENSG00000256804.1	0	1	1
ENSG00000185163.9	1	1	0
ENSG00000184967.6	0	0	0
ENSG00000276693.1	0	0	0
ENSG00000256576.2	0	0	0
ENSG00000256312.1	0	0	0
ENSG00000182870.12	0	0	0
ENSG00000279480.1	0	0	0
ENSG00000256943.1	0	0	0
ENSG00000256542.2	0	0	0
ENSG00000278872.1	0	0	0
ENSG00000277011.1	0	0	0
ENSG00000255916.1	0	0	0
ENSG00000279113.1	0	0	0
ENSG00000279704.1	0	0	0
ENSG00000279023.1	0	0	0
ENSG00000280150.1	0	0	0
ENSG00000274373.1	0	0	0
ENSG00000256783.1	0	0	0
ENSG00000256875.2	0	0	0
ENSG00000112787.12	0	0	0
ENSG00000280287.1	1	0	1
ENSG00000279700.1	0	0	0
ENSG00000277052.1	0	0	0
ENSG00000277186.1	0	0	0
ENSG00000204583.9	0	0	0
ENSG00000187848.12	0	0	0
ENSG00000280311.1	0	0	0
ENSG00000177084.16	0	0	0
ENSG00000176894.9	0	0	0
ENSG00000256632.3	0	0	0
ENSG00000247077.6	0	0	0
ENSG00000201469.1	0	0	0
ENSG00000176915.14	1	1	0
ENSG00000256108.1	0	0	0
ENSG00000090615.14	0	0	0
ENSG00000072609.17	0	0	0
ENSG00000232888.4	10	6	5
ENSG00000252079.1	0	0	0
ENSG00000278949.1	0	0	0
ENSG00000236617.2	0	0	0
ENSG00000255703.1	0	0	0
ENSG00000250790.4	0	0	0
ENSG00000196458.10	0	0	0
ENSG00000256563.2	0	0	0
ENSG00000198393.7	0	0	0
ENSG00000252269.1	0	0	0
ENSG00000246394.7	0	0	0
ENSG00000255807.1	0	0	0
ENSG00000198040.10	1	1	0
ENSG00000279466.1	0	0	0
ENSG00000279817.1	0	0	0
ENSG00000196387.9	0	0	0
ENSG00000214029.4	0	0	1
ENSG00000271963.1	0	0	0
ENSG00000240991.3	0	0	0
ENSG00000256223.5	0	0	0
ENSG00000256825.4	0	0	0
ENSG00000090612.20	0	0	0
ENSG00000255919.1	0	0	0
ENSG00000227059.6	0	0	0
ENSG00000239190.1	0	0	0
ENSG00000238443.1	0	0	0
